39 516
14 19
6 32
30 36
10 35
5 12
4 25
31 36
29 37
20 33
35 4
26 30
34 23
11 38
21 22
1 12
33 21
21 37
17 37
28 35
11 36
11 19
26 34
14 21
39 19
9 36
2 8
16 3
25 14
15 21
10 11
15 36
23 20
9 17
34 37
3 27
28 2
15 4
39 5
5 2
6 27
28 25
15 8
14 2
2 7
20 31
18 12
24 12
9 27
33 27
9 30
25 30
37 18
23 32
3 28
34 17
35 24
16 6
16 4
24 23
20 1
29 19
30 5
13 21
3 26
10 24
11 12
26 21
6 7
4 30
19 26
35 33
19 32
11 3
36 17
6 1
9 38
29 14
6 4
15 23
32 1
6 26
34 2
14 13
5 31
26 31
27 8
14 26
14 9
20 36
4 19
9 1
35 34
29 11
6 24
2 17
24 2
4 33
29 34
32 2
3 9
19 1
10 34
1 7
1 13
5 32
28 32
35 18
8 7
10 30
10 37
16 9
16 12
25 13
39 20
10 27
34 21
10 16
20 2
27 31
26 17
16 27
34 1
21 27
15 19
19 38
28 15
26 18
4 13
38 13
10 15
29 5
34 9
32 13
11 35
20 27
14 18
24 15
13 12
34 32
16 7
16 18
24 13
23 31
11 14
33 18
25 17
14 7
10 12
1 36
39 27
24 33
19 34
29 8
35 20
32 33
35 25
11 33
15 31
32 38
28 5
30 2
14 33
39 13
22 36
29 39
9 32
29 33
28 33
39 34
30 27
6 2
19 27
28 18
38 18
19 33
23 7
11 4
28 4
25 9
26 2
34 18
2 22
4 36
23 2
7 37
4 32
28 19
28 6
9 8
25 26
39 30
20 13
3 35
14 8
28 30
34 31
2 37
29 15
39 25
4 9
14 17
21 17
24 22
31 18
17 12
39 24
35 17
2 1
39 22
15 30
3 31
33 31
10 38
26 13
20 7
14 23
9 18
26 27
8 17
22 12
39 2
6 33
5 33
28 21
27 17
15 38
13 18
11 9
28 23
9 2
13 17
10 9
20 8
16 29
10 31
29 6
3 5
5 27
11 27
6 25
11 37
28 22
35 36
28 37
13 31
31 12
9 33
11 22
9 5
4 18
25 18
19 9
38 33
2 38
32 36
39 38
38 22
10 18
28 9
15 26
27 37
2 12
11 7
16 25
3 2
6 8
4 17
39 37
8 18
15 32
15 34
19 7
29 25
9 21
34 22
38 17
9 31
35 23
15 18
2 21
34 36
26 23
21 7
20 22
29 23
21 12
4 34
8 31
3 37
3 14
19 37
23 30
23 9
36 7
37 12
29 27
32 8
16 34
16 31
33 17
3 19
24 18
39 7
24 4
31 37
5 36
30 13
30 1
35 7
26 7
24 36
4 31
29 31
15 27
4 23
31 7
8 22
35 30
38 21
27 7
23 22
24 38
6 19
25 32
29 22
1 37
13 27
10 5
16 11
38 37
10 1
10 26
11 28
16 15
8 12
13 37
6 14
29 7
13 7
10 14
10 29
20 5
35 22
35 15
16 39
6 22
14 34
6 21
14 20
29 28
24 31
19 36
32 31
3 13
24 32
8 37
6 13
34 7
29 2
30 33
10 8
39 9
16 17
3 36
15 25
15 2
6 9
6 20
31 22
25 36
39 1
9 20
20 38
20 12
6 5
25 33
30 38
34 13
19 5
13 36
25 2
20 30
11 39
32 12
35 5
5 21
3 1
34 27
4 22
30 21
3 18
34 38
30 18
29 26
16 21
25 38
9 37
25 27
24 1
25 19
6 34
19 30
26 38
24 34
24 27
35 6
6 18
20 32
30 8
11 8
39 35
25 23
26 32
15 14
36 18
10 4
16 38
11 17
15 22
13 22
34 12
5 37
2 18
24 14
26 20
16 5
30 37
24 30
39 28
14 38
16 8
4 1
16 32
19 12
39 4
23 36
16 36
19 23
26 37
11 25
3 34
24 26
38 7
3 30
15 1
32 18
20 37
20 21
16 2
1 33
21 18
32 21
29 32
4 5
39 36
23 33
30 7
6 30
38 36
6 23
21 31
4 14
4 38
6 37
33 7
24 21
19 20
33 36
1 38
39 6
4 21
10 19
22 7
28 36
1 18
15 17
24 9
11 6
31 17
16 33
14 22
9 12
27 18
10 33
11 32
16 26
35 8
25 8
26 8
6 17
26 12
35 13
5 18
35 19
3 24
32 37
25 31
10 20
4 2
30 31
39 23
34 5
29 18
17 7
28 13
6 38
4 37
29 24
25 7
24 20
16 28
5 38
25 37
32 22
2 13
1 21
