87 1925
84 73
28 40
12 42
15 29
81 33
19 59
26 83
24 52
40 23
46 23
2 87
82 32
2 20
50 64
49 23
33 55
83 12
33 12
87 80
83 25
76 33
52 5
25 18
39 71
55 38
62 87
3 39
82 37
81 56
68 23
9 87
76 41
79 19
75 5
70 35
41 64
23 34
7 82
20 82
35 60
76 80
20 43
52 56
72 20
49 8
65 53
54 46
72 57
41 43
66 19
79 68
19 68
49 52
56 16
21 75
13 30
11 26
30 15
35 15
52 84
70 81
16 36
16 87
32 85
43 44
53 71
32 87
33 38
76 84
55 48
37 40
46 69
33 54
12 36
82 10
75 19
85 3
31 13
79 64
8 65
29 69
40 52
57 11
43 12
74 42
22 47
10 81
58 77
16 43
67 53
74 60
59 62
59 2
4 40
86 53
58 9
33 15
69 23
60 56
41 21
9 84
9 17
82 27
27 25
3 69
62 49
28 81
46 24
3 35
6 18
83 13
45 25
52 43
74 61
79 48
79 4
53 2
64 74
37 17
30 55
39 63
6 2
78 17
78 51
63 44
77 24
31 67
38 54
10 33
14 6
86 17
31 26
78 3
84 45
4 51
28 29
40 39
33 22
12 47
7 76
64 80
28 50
9 34
47 18
44 61
4 78
21 28
22 43
82 50
67 85
82 39
24 64
66 42
72 80
54 51
56 36
79 31
62 53
4 32
59 35
77 57
54 84
24 45
57 25
28 3
5 74
2 5
33 56
1 82
50 33
14 72
54 17
70 72
9 65
82 77
75 20
19 81
86 74
27 68
41 17
86 35
17 63
72 66
11 34
58 21
41 82
18 69
14 21
1 16
7 20
21 53
72 36
59 15
84 27
61 71
65 6
2 4
65 31
84 69
45 34
33 34
11 38
48 32
49 46
65 10
70 25
11 29
3 80
76 43
78 15
62 43
35 23
59 4
81 47
21 30
79 23
66 39
32 78
46 44
81 87
60 16
19 8
30 35
7 57
5 12
54 69
17 80
86 27
76 31
82 69
53 85
26 61
76 70
14 77
68 17
41 75
2 47
82 81
30 85
58 43
12 17
46 27
6 74
6 27
9 79
27 45
83 74
10 32
32 63
21 74
75 64
20 87
86 75
76 14
22 40
70 48
7 69
59 49
30 71
83 46
53 69
51 45
38 25
81 52
64 78
86 50
77 4
7 38
62 84
87 45
5 43
30 80
50 34
53 60
17 23
59 85
77 13
19 28
4 69
85 61
58 62
63 42
35 36
80 47
59 80
62 22
14 80
28 31
38 71
84 18
25 17
60 44
77 55
49 33
19 45
7 25
7 18
9 55
72 82
49 22
31 56
31 83
8 29
38 84
46 16
30 87
51 3
49 30
65 34
43 69
82 57
73 15
27 3
38 64
77 83
86 32
62 78
66 59
58 3
30 3
59 46
14 42
30 18
54 78
39 25
2 27
86 49
70 55
14 41
75 72
81 35
9 26
82 33
19 22
41 27
84 85
10 16
59 40
57 55
4 87
1 72
13 5
15 23
38 60
76 56
57 44
55 64
70 75
21 64
56 23
30 39
32 15
12 23
81 77
54 22
4 35
19 63
8 2
57 61
33 80
39 68
65 82
9 28
76 11
55 42
48 85
37 60
9 63
73 17
30 29
2 18
75 2
60 17
85 12
28 49
13 36
14 71
58 41
35 73
9 4
66 71
85 74
56 42
21 65
48 87
52 12
1 53
67 44
28 23
49 61
77 45
65 55
56 39
58 74
65 80
7 60
75 55
13 71
4 61
52 47
1 51
11 5
76 46
58 50
20 10
20 18
45 29
31 34
67 5
45 18
44 15
35 12
66 28
19 17
11 80
27 71
48 51
57 85
86 56
42 23
50 68
1 19
7 64
65 23
44 23
38 15
19 47
29 34
72 46
82 83
75 25
36 18
42 80
85 36
24 51
33 69
43 23
36 63
73 12
31 47
12 18
75 10
82 24
43 34
28 78
8 17
52 45
21 83
26 5
79 66
19 24
80 18
24 68
85 60
75 13
4 37
20 3
65 74
70 63
1 84
83 29
41 45
50 18
75 71
7 67
30 60
48 24
73 63
45 47
67 52
57 69
32 40
53 33
50 42
43 63
24 78
67 71
76 53
38 51
49 15
29 80
20 39
8 25
4 63
30 74
83 33
58 14
58 6
21 66
49 32
68 73
86 16
84 47
58 2
33 52
65 69
72 25
62 63
33 23
13 3
75 24
7 83
10 3
5 25
53 17
86 80
50 38
7 30
51 34
5 69
82 13
9 81
75 3
77 22
28 62
28 25
58 83
74 71
75 29
28 77
25 34
59 83
1 67
31 52
62 23
58 82
4 45
9 29
11 71
24 40
6 47
28 24
13 15
2 48
66 36
38 85
67 16
7 35
60 12
37 13
41 16
10 46
31 84
3 34
48 40
21 32
64 15
57 36
28 60
30 16
46 63
31 48
51 87
71 15
14 46
82 25
72 47
10 26
1 14
46 42
58 27
53 23
81 83
59 3
51 74
86 72
12 15
28 57
58 60
70 58
7 31
35 42
16 15
39 23
73 71
7 72
14 35
72 6
65 5
65 44
70 13
62 24
38 43
24 87
55 78
66 68
52 78
11 16
77 15
74 73
52 60
22 80
10 64
53 84
49 74
86 69
48 56
64 35
7 52
59 22
6 31
76 42
83 78
57 22
72 16
65 22
14 51
14 17
16 61
33 29
21 43
32 17
27 85
7 6
75 78
7 54
36 29
19 38
41 49
75 36
8 64
7 32
35 45
32 46
55 87
5 71
45 73
32 74
49 73
21 15
33 37
48 3
14 81
55 43
67 78
84 51
41 38
54 71
1 8
86 39
59 60
6 77
7 78
1 77
31 32
1 83
9 32
58 40
9 72
84 25
14 28
4 44
7 34
1 18
84 16
8 31
59 77
74 80
13 47
81 68
10 17
30 64
1 65
54 16
20 48
67 83
26 35
13 85
55 63
20 45
58 79
11 36
7 43
30 44
5 78
79 39
70 59
55 40
76 82
67 34
41 28
46 35
24 23
68 12
21 20
67 15
22 29
59 69
75 54
86 20
9 83
45 43
57 78
31 87
24 36
6 11
2 74
41 78
36 80
72 10
20 35
81 3
44 80
72 73
4 15
53 45
44 42
75 60
11 73
83 27
75 44
75 67
58 13
57 42
14 75
40 29
16 47
30 47
4 46
65 15
86 77
30 22
52 35
70 86
51 39
46 40
61 18
73 43
58 84
75 45
86 23
59 81
56 15
14 15
54 35
14 19
1 71
24 42
79 81
67 87
8 48
86 26
38 74
9 20
33 16
87 36
82 47
41 84
8 82
20 68
79 69
14 22
75 37
58 61
14 36
9 19
39 44
8 6
53 50
38 12
37 32
46 74
5 39
52 3
8 27
7 80
9 39
58 11
43 25
19 84
87 29
48 29
5 15
20 22
81 48
1 13
14 57
59 23
49 83
84 44
11 44
74 16
87 61
65 16
14 27
79 43
83 39
52 25
64 73
8 53
14 16
84 64
64 34
70 32
7 40
86 21
66 33
28 4
83 68
48 5
9 54
7 86
72 35
3 60
6 69
59 18
2 44
79 59
9 3
53 35
21 52
6 23
27 47
77 35
26 48
77 3
76 4
61 69
60 36
76 19
84 74
82 56
29 18
72 34
65 57
79 72
76 60
48 47
85 44
28 5
70 61
33 39
7 17
1 38
32 54
62 33
6 3
37 74
41 63
28 13
24 44
6 15
21 47
20 77
62 25
49 38
67 13
41 40
76 55
68 45
85 23
86 85
29 23
51 85
6 82
83 45
31 38
70 45
86 54
19 83
11 24
67 55
18 34
50 51
49 16
11 87
74 36
83 60
28 55
13 52
41 53
67 17
82 74
82 22
85 56
20 37
22 60
63 61
24 17
42 34
22 34
65 37
19 50
7 71
10 45
10 25
28 63
58 38
10 48
50 83
7 13
78 69
13 18
11 32
19 46
26 30
70 34
10 80
86 84
50 12
81 46
59 56
86 58
70 9
46 25
33 36
74 45
20 12
27 5
6 4
79 28
2 23
53 57
13 64
77 23
28 30
73 23
64 68
24 35
77 56
79 24
86 68
66 49
70 5
49 51
77 18
4 54
46 60
66 31
53 32
51 68
6 53
14 52
51 80
57 83
31 46
22 52
66 43
1 78
1 17
52 80
14 45
72 30
21 2
46 61
60 61
40 3
24 5
70 37
4 3
86 4
21 16
8 35
46 84
50 5
58 37
40 85
9 8
8 87
22 36
6 24
86 60
37 71
9 40
82 44
26 25
53 12
66 30
4 34
70 74
37 29
3 42
41 55
75 61
17 71
5 64
27 12
38 24
53 83
53 25
21 9
72 12
14 84
64 36
14 69
60 15
58 66
30 68
49 35
70 20
60 39
20 16
49 34
6 20
49 50
12 34
19 67
82 18
64 18
49 81
58 10
28 16
64 63
2 51
58 36
8 43
49 78
86 82
58 45
71 80
76 58
38 87
25 12
1 36
27 23
79 84
50 15
43 15
48 36
8 40
5 36
76 47
11 42
14 68
38 39
82 26
54 34
75 40
62 47
76 36
50 55
10 71
49 5
84 63
64 17
21 5
48 69
64 23
53 43
21 18
33 64
8 18
2 37
81 84
54 18
31 25
43 80
62 44
81 61
33 43
56 71
9 35
5 73
4 43
28 26
62 74
75 63
65 87
86 34
6 22
40 84
66 82
45 80
81 71
58 67
76 71
28 42
20 4
67 43
48 15
67 33
77 33
38 48
72 67
31 10
38 17
3 25
74 56
10 47
37 45
76 59
59 38
70 36
84 71
62 52
75 49
7 4
70 23
35 74
5 47
76 78
20 38
19 2
64 16
19 48
77 54
65 3
37 43
59 26
62 5
77 27
33 32
57 27
81 38
66 4
19 43
86 57
11 55
82 85
14 20
41 13
31 74
82 23
38 46
13 34
2 52
82 35
21 4
6 26
70 19
48 42
53 55
75 32
26 85
4 36
32 25
54 27
8 50
62 30
53 22
58 73
30 32
77 38
6 73
31 44
8 68
9 2
27 42
68 34
70 26
64 56
40 15
49 24
59 55
8 71
59 24
14 31
86 9
9 38
78 45
38 47
20 54
6 44
86 33
31 27
37 84
53 54
5 17
82 17
7 16
79 65
19 42
72 13
22 35
67 82
68 42
82 84
65 26
62 60
66 69
3 63
65 71
50 56
30 42
1 43
52 69
6 50
19 51
10 56
83 71
87 23
1 20
2 78
28 22
39 15
6 16
86 28
7 50
75 34
86 1
85 69
20 57
1 33
65 64
64 45
76 25
86 36
62 17
48 61
15 18
33 25
19 29
24 56
9 22
65 20
37 85
24 69
83 54
33 42
57 18
33 24
86 19
28 33
59 74
70 87
41 42
16 17
65 54
11 12
1 40
11 48
31 24
2 22
81 17
28 10
87 71
49 27
10 35
84 56
14 12
86 15
55 73
75 8
50 71
4 56
52 39
37 78
43 47
4 84
21 27
84 78
42 47
31 69
52 18
66 84
66 3
59 44
77 5
21 39
32 45
67 74
79 83
9 23
7 74
33 87
9 33
26 18
85 16
33 74
22 16
19 11
70 54
8 37
55 74
2 69
2 29
13 43
66 23
50 44
10 18
7 84
3 18
46 15
58 49
54 3
31 54
79 73
76 50
37 36
70 67
55 51
66 62
57 45
51 25
52 16
59 57
9 69
28 73
53 13
75 48
3 15
66 83
32 68
32 84
70 14
13 73
79 57
56 43
38 40
20 36
5 16
37 27
29 42
19 26
64 87
10 39
55 22
41 46
1 66
7 59
2 63
84 15
1 29
35 25
78 63
43 42
41 2
16 12
31 61
21 22
11 23
58 68
50 4
5 85
1 68
53 81
9 67
70 57
72 77
19 56
68 87
84 61
6 64
62 27
82 51
41 80
75 79
28 65
13 32
3 74
38 42
19 71
27 73
66 44
49 82
86 66
62 85
49 80
76 44
76 62
46 18
66 15
8 30
26 56
60 69
81 4
58 72
1 48
41 68
58 1
55 60
8 77
76 66
6 37
41 60
50 30
72 87
7 63
30 61
28 8
76 32
55 44
46 64
83 23
41 12
45 61
67 39
77 63
2 26
57 48
15 47
70 77
9 18
53 38
31 55
28 44
41 33
70 28
21 42
7 87
67 38
1 22
41 11
48 22
41 23
67 60
59 43
72 19
58 16
32 12
48 84
56 45
2 45
81 25
62 32
50 27
2 85
44 29
46 78
24 12
54 36
41 20
28 36
66 47
82 5
7 24
28 35
22 45
72 22
55 56
2 24
39 87
48 46
57 29
37 55
76 54
79 3
4 33
67 51
77 37
7 75
83 51
22 69
83 36
62 51
28 59
30 34
6 46
59 64
30 43
31 15
59 45
67 80
14 67
40 18
19 62
41 15
66 50
59 50
62 42
51 15
5 42
17 42
6 61
79 63
11 46
15 42
72 50
33 46
21 49
72 33
79 56
55 71
6 54
48 63
14 61
78 16
28 82
21 80
41 50
67 25
1 52
73 25
70 15
2 10
2 64
57 12
81 12
75 65
58 22
10 84
81 80
33 48
9 13
33 5
35 61
8 74
77 26
63 71
13 69
9 5
76 26
41 57
65 56
70 18
33 40
31 37
28 80
7 45
72 17
77 25
72 8
72 38
44 18
53 16
20 63
49 84
7 46
28 51
33 17
81 34
7 77
84 34
49 20
52 51
67 18
65 67
1 61
14 2
86 47
7 19
40 68
51 71
19 25
64 39
2 71
70 84
55 54
55 18
10 29
72 15
81 36
31 82
6 80
70 8
20 73
84 12
78 73
2 82
1 62
70 65
2 43
46 73
66 74
19 77
9 11
50 29
53 29
26 16
87 34
22 56
61 34
17 69
83 85
79 71
11 74
51 36
13 54
9 6
2 30
48 39
68 16
52 17
70 39
66 52
51 73
75 82
19 32
11 18
56 17
49 44
53 44
8 56
75 87
28 47
66 34
53 36
22 27
66 45
65 39
19 54
7 61
39 12
11 51
21 79
21 50
83 38
49 71
26 22
32 52
65 36
14 54
68 80
82 80
58 31
62 83
1 75
2 12
8 32
81 60
10 83
86 87
73 34
11 85
1 87
24 15
11 25
66 80
24 27
55 34
9 61
31 60
75 39
27 51
54 74
9 36
59 53
22 64
59 11
53 37
46 68
13 40
31 71
79 18
41 65
52 15
19 73
2 57
45 36
52 42
55 25
9 57
26 37
76 39
76 72
8 57
26 34
13 17
32 16
81 23
76 27
41 59
49 6
75 81
41 83
55 27
79 78
1 59
37 87
85 73
6 42
8 81
79 46
48 16
6 33
54 60
68 44
32 23
56 73
11 54
20 30
27 56
26 24
30 84
66 38
58 59
8 85
62 71
17 29
2 40
58 4
55 17
2 73
8 22
40 78
57 15
1 56
28 69
28 43
38 5
87 43
24 80
59 16
82 38
67 10
43 29
29 47
24 47
22 12
26 36
54 45
9 16
7 12
33 63
27 64
9 46
31 64
74 39
49 25
76 22
20 61
28 84
20 55
31 45
58 17
31 18
13 25
76 51
10 13
28 53
31 20
76 3
62 36
70 41
62 65
82 16
1 34
79 32
27 78
2 60
70 10
79 77
32 22
73 42
81 37
67 35
47 23
86 52
48 64
58 48
20 56
83 18
74 68
77 36
48 52
54 63
11 84
49 3
19 27
70 79
21 25
28 87
66 22
59 42
45 69
51 60
40 5
79 67
57 52
83 24
83 22
76 69
56 29
14 62
68 71
2 16
6 83
76 24
25 69
9 45
3 16
74 47
59 31
48 35
37 38
46 36
66 55
62 67
58 25
26 64
64 44
7 22
70 3
22 63
77 29
83 15
70 46
9 64
10 38
1 11
1 5
8 39
41 5
79 12
11 33
74 23
48 71
41 19
65 47
38 78
13 84
21 84
46 12
14 60
2 36
62 45
62 11
70 44
41 79
17 47
57 26
4 22
11 60
19 10
77 61
41 44
16 45
73 29
60 18
78 39
82 64
19 5
37 54
3 43
54 85
21 12
25 15
28 17
82 36
83 3
50 11
74 69
51 43
78 36
78 56
38 35
20 85
59 52
53 15
37 18
32 60
67 4
66 56
68 18
6 67
41 31
10 69
26 55
51 18
38 34
50 81
14 59
4 48
20 47
24 29
58 87
1 46
59 12
25 42
67 32
86 6
30 12
40 71
76 21
22 15
67 56
54 40
14 30
83 73
14 37
30 46
37 22
20 17
21 87
65 48
84 42
19 23
62 73
5 80
4 71
35 29
22 5
46 85
8 51
4 55
58 47
41 77
54 80
59 47
20 32
9 10
49 31
15 80
76 8
32 80
66 27
53 78
79 11
65 85
21 37
50 85
36 61
6 13
19 16
49 17
75 26
39 47
35 39
4 30
86 44
77 30
59 65
31 42
27 17
21 11
26 12
75 74
38 69
41 47
26 38
56 87
1 10
58 44
28 39
38 56
79 17
21 34
72 83
2 32
51 42
63 23
83 80
58 42
81 29
86 5
