65 719
43 46
35 10
50 26
42 27
44 55
54 37
20 11
58 50
43 33
57 62
57 43
57 34
25 38
1 46
11 50
36 42
20 10
64 42
49 10
47 55
64 24
33 4
64 2
35 29
57 52
47 29
29 57
60 10
56 63
50 46
24 17
30 20
45 7
54 49
19 64
16 6
31 39
12 62
55 5
60 43
29 59
39 53
46 5
38 8
63 3
61 9
40 56
40 38
55 6
57 40
31 54
16 23
18 1
14 2
25 49
45 55
43 18
34 5
26 48
19 41
3 27
8 46
49 63
12 16
35 54
51 44
2 18
60 13
2 63
7 59
27 23
20 8
36 59
34 22
57 13
22 24
2 7
58 18
6 59
20 14
9 57
51 3
60 48
16 39
43 53
33 6
49 2
45 41
30 15
8 33
65 40
15 19
53 6
11 56
40 32
60 51
17 63
8 52
60 24
10 56
9 46
55 11
32 59
13 23
39 6
26 9
6 49
6 41
29 41
15 56
40 5
54 44
35 42
55 8
40 37
20 52
47 7
65 21
47 48
55 28
20 22
21 52
2 22
44 16
58 27
15 33
56 1
31 10
31 27
42 7
10 13
44 43
10 59
61 45
62 42
22 41
51 21
44 6
45 12
13 5
30 61
43 22
38 3
11 53
19 56
58 54
47 43
60 31
31 52
42 17
1 42
47 63
39 14
42 28
19 26
20 21
61 63
12 13
60 18
42 24
25 20
51 39
53 46
41 63
18 56
13 46
60 17
44 25
16 4
51 53
4 10
14 47
43 41
56 23
65 19
12 41
36 51
15 26
22 10
38 18
38 10
64 5
55 52
2 56
37 63
12 40
60 26
50 19
11 5
14 26
31 29
46 52
45 58
60 44
60 55
11 38
4 37
50 56
16 59
36 55
44 29
64 22
19 52
58 59
26 43
26 8
9 6
16 40
62 56
57 8
47 28
6 17
56 42
65 24
15 6
38 43
54 21
5 3
16 63
61 46
41 62
40 3
32 56
48 21
38 23
19 24
35 59
20 26
8 24
48 3
21 32
56 24
20 32
60 40
58 29
28 27
28 13
41 4
8 4
54 55
48 29
4 13
20 18
29 63
19 49
52 37
54 34
33 46
33 24
61 37
50 42
32 64
29 22
39 8
18 23
47 32
12 31
12 26
58 4
35 14
16 46
20 7
25 18
58 1
50 27
13 3
30 19
15 38
29 21
12 23
58 2
5 17
14 62
45 11
39 34
38 7
25 19
61 12
30 62
12 38
19 62
8 13
49 24
20 2
31 59
15 1
60 41
9 7
45 54
44 37
58 7
7 24
53 56
47 24
30 22
50 62
37 3
39 18
21 57
25 9
64 34
19 53
15 16
52 17
20 9
48 64
35 11
61 7
62 52
15 17
19 23
40 17
41 59
34 37
54 1
61 13
50 65
50 43
35 16
50 33
48 53
26 2
25 21
31 23
50 38
30 63
54 20
16 37
34 18
57 24
60 32
19 7
11 19
58 51
28 59
36 39
50 64
31 44
55 3
21 59
32 49
61 34
45 51
34 27
29 1
2 34
38 59
14 23
50 34
26 53
36 3
47 52
26 42
14 17
15 45
32 63
15 35
62 1
42 37
47 4
20 29
43 32
56 27
48 49
20 3
38 24
21 28
65 57
51 19
20 64
12 58
15 25
7 37
36 41
11 29
34 24
4 1
25 52
55 59
51 25
31 37
59 17
12 59
45 36
44 56
55 57
22 18
4 17
10 17
61 15
14 59
45 5
21 49
55 50
30 37
64 23
38 6
32 10
25 63
63 27
36 62
60 62
9 56
58 55
18 63
37 27
44 53
48 56
36 4
2 10
48 6
45 23
30 42
62 4
21 34
54 42
12 10
44 59
29 23
36 27
37 23
22 13
47 42
21 43
15 27
39 64
9 43
26 33
65 2
9 53
49 28
44 24
25 23
26 56
2 41
14 63
50 40
42 63
55 46
25 7
6 3
15 37
30 51
15 50
15 2
29 40
22 28
16 33
29 28
35 57
31 11
43 49
57 3
48 1
35 21
21 18
16 56
12 20
51 52
2 1
24 3
56 5
21 17
40 59
11 57
34 28
2 46
48 52
33 23
25 57
15 12
16 53
36 32
62 59
32 62
39 48
15 57
29 13
10 28
35 27
15 31
54 26
30 28
44 26
31 34
30 13
55 41
44 2
5 63
25 59
11 43
9 28
36 40
9 23
60 29
48 57
31 9
25 3
21 9
1 5
7 5
9 41
13 59
55 22
38 62
12 37
20 63
61 44
19 1
25 46
2 28
30 26
54 62
36 29
47 46
4 63
14 5
60 19
19 4
30 46
30 34
33 10
26 29
54 5
54 16
30 6
40 24
35 4
35 28
16 20
22 62
19 18
55 2
50 1
35 55
61 23
60 57
39 42
48 13
60 37
12 54
30 44
16 28
36 54
60 27
10 3
25 47
44 20
56 17
40 18
50 8
39 37
31 47
20 50
12 60
62 17
40 52
58 52
16 50
38 32
18 3
22 63
20 55
14 37
45 25
5 27
38 2
45 2
43 8
11 21
44 47
44 65
45 9
38 52
49 5
62 46
12 64
20 49
22 27
19 21
26 62
22 4
51 33
15 52
36 63
34 17
61 32
55 32
12 6
43 62
49 13
58 32
58 28
45 50
35 12
58 26
14 3
42 23
49 7
6 4
58 56
45 32
45 49
55 18
2 62
45 43
59 24
39 24
57 42
29 5
32 53
60 52
16 24
15 65
51 48
60 2
33 37
21 27
29 64
61 65
15 8
4 5
40 4
36 18
29 49
12 63
44 63
37 59
65 4
55 40
50 13
47 33
45 10
55 38
10 63
64 37
39 49
36 13
38 64
60 3
36 35
4 59
62 3
36 9
43 17
33 41
64 18
25 33
45 22
32 46
3 23
57 49
32 42
43 42
49 42
62 63
58 57
59 23
43 52
47 56
44 23
26 57
30 65
48 38
48 62
29 32
11 24
26 40
12 44
65 13
61 10
46 37
30 56
56 3
38 13
6 62
25 56
21 23
29 46
16 48
35 32
31 65
25 14
16 10
57 64
53 24
60 64
42 46
54 14
12 2
44 10
51 42
58 64
2 42
45 38
4 42
29 10
35 38
14 48
43 2
55 19
16 52
15 60
6 24
51 31
55 56
61 60
57 41
36 58
48 17
36 23
64 56
25 41
51 4
30 64
11 52
52 63
29 18
60 6
