65 2066
64 62
14 4
60 18
49 13
16 64
35 27
63 15
29 48
39 9
14 17
57 27
6 37
65 6
63 46
43 29
63 17
26 19
3 39
8 52
52 37
10 45
55 44
61 49
29 8
19 31
11 13
26 38
7 8
60 17
33 60
50 64
63 32
43 64
23 59
13 57
15 48
6 30
39 50
62 6
40 36
38 63
29 59
41 14
23 10
33 43
52 23
33 9
44 9
30 46
8 28
25 8
33 64
4 16
11 49
25 36
14 39
13 3
45 13
25 32
50 34
65 3
65 2
22 44
39 6
29 2
19 46
35 63
47 49
24 11
28 47
33 42
7 61
49 38
63 22
38 40
10 21
61 64
15 57
1 58
20 24
32 37
56 26
4 15
47 44
1 45
24 55
11 47
52 1
43 16
59 51
65 56
4 65
43 44
1 39
61 59
29 6
11 51
23 2
13 41
47 17
51 42
65 62
16 17
42 64
30 12
21 24
36 55
4 64
54 10
53 41
8 19
25 23
28 45
59 31
53 11
13 12
28 17
19 64
35 55
8 30
64 57
43 41
49 36
8 36
45 17
62 44
60 35
16 62
42 13
42 32
17 32
8 54
49 27
33 57
60 27
31 58
34 63
5 53
11 36
23 17
6 38
20 5
65 12
41 15
58 60
11 1
28 14
33 19
8 9
37 12
42 27
33 41
6 32
61 38
42 4
7 58
1 41
55 34
56 19
59 53
42 35
8 2
13 58
40 9
38 58
10 34
19 55
20 4
65 27
50 15
1 13
49 9
16 58
7 21
11 38
45 30
52 31
42 22
5 27
25 29
21 12
58 36
46 2
52 48
33 23
33 30
54 63
56 62
29 3
42 1
61 6
11 56
52 9
33 65
40 44
52 6
21 39
52 13
56 9
36 27
6 22
20 10
39 46
12 44
3 19
39 37
33 4
7 47
47 63
56 18
3 50
7 3
13 60
8 35
11 35
48 9
20 41
16 63
65 48
65 50
10 2
33 58
11 12
1 46
52 11
11 14
25 55
52 57
21 42
27 18
42 28
8 16
54 23
56 15
29 16
8 60
64 9
34 15
14 46
11 48
26 39
61 29
5 46
1 32
7 54
62 34
14 3
7 15
65 63
45 9
26 63
61 13
59 36
20 55
33 51
54 56
64 18
51 38
58 12
39 32
23 15
56 58
24 14
28 31
53 58
37 15
1 2
51 28
51 40
44 18
20 47
56 46
39 64
16 60
9 2
54 16
3 57
25 49
35 18
51 16
23 51
40 57
23 5
19 36
7 64
64 37
21 11
10 24
30 2
7 42
56 38
54 4
25 31
53 35
16 35
4 3
28 27
27 44
14 37
56 36
60 34
10 36
43 25
18 48
24 19
29 19
45 31
30 36
23 58
33 20
19 22
54 36
61 23
26 58
21 2
8 51
33 45
16 27
47 58
43 17
43 28
1 64
60 44
61 35
29 30
61 24
3 17
21 59
60 32
7 37
19 57
61 17
51 50
3 22
41 60
50 32
25 35
30 17
10 17
7 18
10 60
45 12
65 35
13 39
6 27
8 50
58 9
8 57
23 38
24 30
47 64
49 46
64 2
7 45
8 64
12 15
33 52
64 63
16 44
53 63
42 62
53 38
20 40
53 51
7 33
16 15
51 56
41 12
29 35
7 35
53 46
54 12
16 30
13 63
49 1
56 60
39 38
40 55
11 40
24 64
21 36
23 26
32 44
54 34
51 48
13 17
3 26
24 5
52 32
33 3
26 2
45 34
41 38
61 25
20 36
35 36
6 44
52 39
25 57
47 50
24 42
25 52
64 35
41 62
25 64
28 46
28 37
58 35
13 6
59 4
28 58
15 9
54 24
39 57
8 32
37 27
43 50
56 55
8 46
54 15
16 22
65 19
19 12
31 46
4 18
54 19
65 38
21 13
7 32
10 44
43 62
61 28
4 55
41 17
54 18
28 2
28 1
28 22
29 27
33 32
34 12
10 47
61 34
47 4
42 31
56 44
29 18
45 27
1 56
22 2
7 59
45 15
50 27
50 9
6 63
21 34
61 48
53 2
43 46
42 40
14 56
30 55
51 37
43 21
40 58
62 38
7 10
43 54
20 59
61 2
23 35
33 35
10 19
52 14
3 63
29 50
64 15
42 49
32 18
65 30
59 45
63 9
64 44
43 61
35 44
21 31
5 51
35 32
33 56
43 1
39 2
39 40
5 59
11 58
24 32
16 2
21 55
33 31
47 65
60 46
21 18
43 23
47 18
43 49
8 24
21 56
7 62
8 53
29 34
62 18
41 30
59 39
5 36
58 46
28 60
53 28
6 36
12 2
7 14
1 3
4 17
59 27
26 32
50 44
21 65
64 48
31 12
45 22
59 14
41 37
28 39
16 34
60 63
29 58
35 22
54 5
65 55
51 12
47 55
64 30
1 19
64 12
61 3
50 40
61 46
28 41
31 18
43 4
23 24
36 17
5 39
30 22
22 12
23 63
56 48
24 65
62 9
45 14
29 55
64 40
21 17
10 39
3 34
36 44
19 38
1 44
59 49
7 20
65 44
43 60
40 27
33 50
1 17
24 15
21 63
53 13
20 43
29 49
20 1
5 28
19 37
50 18
62 57
25 14
19 16
13 4
61 53
32 15
61 10
53 37
13 55
32 9
1 55
61 55
43 55
26 34
47 35
18 46
19 2
49 18
7 27
25 47
36 57
50 31
3 30
55 15
7 51
5 42
59 18
5 9
11 42
26 37
20 49
11 32
59 13
31 22
63 2
41 36
58 15
58 44
52 53
23 31
33 6
1 12
25 45
23 16
52 40
53 14
23 48
53 9
22 18
45 65
62 32
20 23
42 44
28 35
37 46
14 16
7 13
51 22
20 16
55 12
53 49
43 22
13 64
53 19
1 6
64 32
41 6
31 38
29 39
43 35
52 19
26 16
45 62
41 34
5 60
31 60
65 60
24 27
12 46
24 9
7 17
5 32
54 13
8 13
65 34
11 34
13 48
25 21
5 49
56 34
21 16
62 30
8 56
7 11
4 19
20 52
13 35
35 37
10 58
38 37
51 18
63 27
52 12
42 3
61 5
41 57
54 47
5 45
47 34
11 30
24 49
51 13
14 18
30 60
11 18
10 22
41 3
41 26
13 31
3 37
23 55
38 22
59 63
29 54
7 4
33 22
59 56
20 29
19 9
8 27
6 18
52 60
11 39
14 31
21 51
5 40
7 38
53 16
24 37
5 65
21 62
4 40
39 44
28 50
14 26
53 62
25 39
12 48
28 48
28 13
21 35
42 38
33 28
31 37
28 3
51 45
47 30
8 58
23 12
21 41
42 39
59 2
50 46
16 39
23 18
25 18
49 39
29 40
1 22
42 18
33 62
25 2
41 27
50 48
62 27
4 62
47 2
56 37
14 50
54 45
61 1
23 57
47 60
34 18
16 18
23 53
58 32
3 18
39 62
23 34
10 35
8 15
51 1
40 30
26 12
55 22
1 9
29 62
54 42
43 58
30 9
45 55
21 46
19 6
25 13
16 36
21 19
39 30
61 12
41 35
27 2
33 38
7 28
13 38
21 30
37 44
43 42
51 19
35 17
36 9
22 17
61 19
65 58
53 50
25 26
17 15
7 57
51 55
57 18
62 31
48 46
3 31
53 64
43 27
32 57
40 32
51 31
10 30
19 18
62 2
25 34
7 52
29 46
36 2
10 65
53 30
20 34
53 60
65 31
53 27
29 17
11 45
5 63
64 58
10 3
34 17
39 55
53 44
49 3
33 12
54 46
39 48
52 50
36 34
47 56
16 57
58 17
26 30
37 57
43 57
62 58
24 58
23 45
47 48
43 56
23 46
45 46
49 60
62 17
14 15
64 55
43 6
4 27
39 60
42 55
62 37
65 32
29 65
4 60
14 60
33 36
25 11
25 28
49 30
59 9
7 48
33 39
5 11
45 4
18 9
52 65
55 57
26 22
47 46
14 32
37 18
11 44
25 54
14 22
54 55
42 65
20 63
61 58
23 65
41 56
49 65
42 41
42 16
29 51
24 59
35 2
45 18
17 44
20 30
4 34
28 36
11 15
24 51
63 57
60 48
24 31
23 30
21 40
52 58
27 46
25 60
10 1
14 6
23 27
24 36
51 15
52 17
41 4
23 11
24 63
55 32
34 2
61 52
52 63
61 30
3 46
54 37
42 63
44 46
4 44
11 2
31 15
31 40
5 35
11 41
47 38
33 13
50 58
12 9
25 10
1 37
42 58
39 31
52 47
51 35
10 15
8 47
5 31
14 30
28 65
25 1
11 62
7 41
28 16
16 6
7 44
61 39
7 65
8 38
28 12
51 14
8 37
13 16
14 12
53 34
50 62
55 46
38 35
51 34
5 37
36 37
62 15
7 49
35 48
62 36
4 2
10 32
31 57
61 51
8 26
21 38
51 32
28 30
14 35
3 40
20 11
41 64
49 19
59 26
42 30
49 40
13 44
22 27
43 12
58 37
24 34
28 38
29 24
49 31
54 65
10 4
24 13
6 15
7 22
54 51
8 48
56 3
49 35
65 16
5 22
52 4
41 16
14 58
51 39
17 12
38 9
5 16
29 23
8 42
52 36
1 14
50 17
38 57
20 46
31 30
11 22
60 37
27 9
29 31
23 3
42 14
51 58
20 37
21 15
24 1
32 27
65 9
33 14
20 6
11 55
54 48
33 18
47 15
21 58
26 40
37 2
5 15
59 48
62 22
8 18
26 35
44 48
52 56
19 32
34 44
57 46
42 36
7 50
20 19
56 40
10 12
59 40
36 63
43 38
56 12
13 26
49 22
21 5
29 45
58 57
6 60
21 26
53 6
43 14
56 27
19 27
54 62
40 15
21 44
24 2
5 50
7 9
50 35
49 15
64 34
47 57
59 15
49 56
41 48
23 28
29 44
20 26
20 54
43 18
47 37
56 17
10 14
26 18
29 4
58 30
49 12
62 60
47 19
59 47
1 4
56 64
54 9
28 34
7 34
51 63
1 18
29 36
20 61
33 10
13 40
53 31
6 58
24 45
11 9
59 32
20 13
8 34
52 35
14 9
29 1
65 37
10 56
22 46
17 2
20 48
53 4
23 60
47 14
20 60
10 6
54 30
23 49
33 63
61 44
60 9
52 30
58 63
33 59
29 52
5 57
20 21
4 57
7 16
4 22
24 57
49 37
24 60
6 31
25 41
23 44
29 13
39 12
42 26
60 2
54 58
54 53
29 47
33 48
28 32
20 56
21 50
8 49
20 14
36 32
20 31
53 32
22 32
33 1
1 63
16 32
52 18
42 6
58 34
33 47
45 3
41 18
52 46
61 9
51 57
8 14
45 16
54 39
25 56
43 8
54 2
19 30
42 60
43 11
33 44
3 62
28 62
62 63
30 18
49 16
43 65
29 60
52 55
53 47
26 27
50 36
25 6
33 15
43 19
4 36
33 8
58 2
53 3
33 61
16 38
57 2
43 5
30 37
10 48
54 14
7 24
64 46
17 9
21 14
34 9
8 11
12 27
16 9
53 17
10 57
65 15
41 40
41 19
65 26
12 57
21 48
4 37
20 12
20 51
23 13
17 48
54 1
60 12
3 9
36 46
22 9
10 27
52 41
45 19
21 49
23 41
7 30
20 18
23 40
14 48
5 13
54 49
8 1
14 34
20 25
64 6
11 65
43 10
11 37
33 5
26 9
28 63
23 14
25 12
31 34
62 46
7 23
59 44
23 37
61 15
61 36
23 36
13 62
53 12
49 14
6 34
56 6
34 27
62 55
43 48
40 46
45 36
52 15
32 46
64 38
39 17
38 36
54 59
31 55
11 31
43 51
52 64
43 52
54 38
51 46
41 22
29 37
17 57
61 27
59 55
49 26
1 15
11 64
53 26
7 60
45 6
4 48
26 48
52 3
50 38
11 46
8 41
13 22
16 37
40 34
49 32
51 49
10 31
64 22
1 50
45 32
45 57
23 21
43 63
40 12
49 44
24 44
31 27
43 2
25 5
29 9
24 17
42 37
4 38
33 34
40 48
26 55
54 3
39 63
10 59
42 15
21 4
43 45
52 24
24 35
23 9
43 9
7 19
63 48
50 55
7 53
13 37
51 3
26 36
29 22
25 62
20 35
56 63
28 9
41 9
5 26
45 63
10 5
25 59
24 16
47 62
7 2
23 4
3 48
53 15
39 58
12 18
4 63
3 16
3 64
19 35
26 50
39 27
33 54
5 55
59 41
3 58
38 46
45 44
29 41
61 54
14 63
25 46
24 3
25 42
19 44
14 62
8 22
51 30
10 53
53 56
23 22
34 46
52 27
24 6
53 57
41 63
23 42
24 18
49 58
5 19
4 56
60 55
36 15
37 9
1 65
65 40
49 50
4 50
61 47
59 58
4 39
11 57
25 38
64 31
61 63
26 64
53 65
7 25
21 9
58 18
49 45
13 2
42 19
19 39
33 24
25 44
28 6
50 63
21 64
46 9
11 50
23 62
59 64
51 44
11 19
28 55
65 46
59 1
5 30
50 57
28 49
10 28
13 46
7 55
11 16
61 11
55 37
50 12
42 2
14 27
38 18
65 64
8 12
20 27
39 35
47 32
33 49
33 11
51 6
19 15
29 15
10 49
34 22
50 60
65 17
40 22
54 41
25 58
49 41
61 57
30 35
13 36
8 62
54 11
41 55
15 18
58 27
50 22
16 46
52 16
15 2
59 28
47 12
47 22
3 27
56 39
42 46
7 43
26 46
37 48
1 38
24 41
38 60
29 57
26 62
13 18
31 32
39 34
24 38
10 63
20 42
7 6
28 57
54 26
6 9
51 9
20 65
59 35
19 17
43 47
39 22
13 56
51 64
26 31
49 48
59 38
19 60
41 50
21 47
56 31
3 38
41 44
54 50
54 40
45 58
25 27
33 37
29 63
3 32
51 17
24 12
8 45
10 51
47 1
53 55
41 31
40 17
10 50
25 63
33 25
10 38
31 35
63 37
52 59
59 62
45 37
5 44
59 17
11 28
40 60
41 32
30 48
1 31
25 4
45 60
59 46
28 56
34 32
35 34
25 16
1 26
30 15
21 37
56 57
20 64
38 44
54 57
59 37
24 22
42 56
28 4
33 46
54 28
59 6
57 48
52 34
23 32
44 2
30 44
24 26
38 55
6 17
54 21
13 34
13 27
38 2
59 42
10 18
19 40
30 32
53 18
60 15
30 63
10 9
23 64
36 18
23 47
32 48
59 57
49 4
42 57
53 1
8 5
35 9
45 41
28 18
25 50
50 30
13 15
38 34
61 60
25 15
26 6
10 16
21 22
31 36
53 45
28 44
49 2
55 2
59 50
23 50
16 31
11 26
24 62
5 2
15 44
49 34
21 60
43 53
10 11
25 22
60 57
4 46
33 53
53 48
1 35
28 64
4 12
8 21
52 54
54 22
28 40
35 12
47 3
21 3
13 14
54 60
52 2
5 64
42 47
25 17
52 28
1 62
28 15
38 48
30 57
55 63
50 37
3 60
45 56
15 46
6 46
59 11
13 50
61 56
62 40
1 40
16 48
25 51
54 27
23 6
26 60
15 27
47 31
27 48
21 27
33 55
8 55
43 59
20 3
3 55
21 57
23 56
30 27
35 57
31 44
51 41
3 35
51 26
4 32
43 26
8 31
5 41
25 19
41 65
21 28
50 2
16 55
29 32
38 32
63 18
11 3
38 12
10 37
49 6
28 19
38 30
7 40
22 37
59 60
20 38
1 30
56 35
6 55
36 22
52 62
19 58
56 2
8 23
20 17
55 27
64 27
4 35
54 35
65 57
61 16
51 65
43 31
62 48
47 27
51 47
5 62
45 48
11 27
1 48
11 60
8 3
25 37
61 37
34 37
35 46
13 65
55 9
21 45
5 18
14 55
56 30
7 56
31 48
39 15
33 2
26 44
7 36
14 64
60 36
61 22
61 41
25 65
61 8
61 62
40 37
33 27
51 60
19 62
8 6
31 17
51 2
47 40
54 17
29 21
52 44
53 36
5 58
31 9
49 17
53 42
61 14
21 1
5 47
1 34
48 2
41 2
61 40
58 48
10 13
17 18
1 27
42 48
52 49
53 22
19 50
10 62
1 60
29 12
7 29
33 16
49 55
16 40
47 6
28 26
43 32
20 15
54 31
33 17
30 34
33 21
61 4
5 56
6 12
18 2
3 2
60 22
55 18
47 36
29 64
52 22
29 14
29 53
22 57
42 45
47 41
51 4
3 15
65 39
41 58
4 9
24 47
24 28
24 39
29 26
61 50
43 36
20 39
38 15
38 27
38 17
14 38
59 3
13 30
10 46
56 50
53 40
17 37
25 30
1 57
59 34
4 58
45 50
7 39
51 36
43 37
24 46
59 22
8 65
49 57
26 17
25 3
16 50
49 63
52 42
45 26
34 57
10 26
61 42
20 9
64 36
43 3
5 34
10 64
5 38
20 28
25 40
45 64
14 36
61 21
8 17
29 28
29 5
26 57
29 10
23 39
7 63
6 2
56 22
42 9
65 36
10 41
19 63
4 31
51 27
29 56
47 13
52 51
47 39
8 63
24 56
51 62
58 22
54 6
52 10
24 53
59 12
23 1
47 9
43 15
45 35
13 32
24 4
24 50
23 19
45 38
29 42
4 6
19 48
14 65
21 6
17 27
55 17
61 65
34 48
36 12
3 36
65 18
7 5
52 21
54 32
1 16
5 48
31 63
45 2
31 2
57 9
56 16
5 12
10 42
24 48
20 62
8 10
65 22
43 34
39 18
42 17
25 24
8 4
13 9
59 65
7 31
21 53
20 32
14 19
62 35
5 1
47 45
61 18
56 32
43 40
22 48
7 1
39 36
6 40
33 26
1 36
5 4
52 38
59 19
52 45
7 46
49 64
6 35
10 40
8 44
61 32
45 39
63 44
21 32
3 44
10 55
49 62
8 40
43 30
50 6
6 48
61 26
52 5
11 63
57 44
20 58
17 46
26 15
25 53
55 48
20 2
5 14
63 12
20 50
29 38
64 60
24 40
8 59
32 2
42 34
54 64
25 9
4 30
64 17
20 22
8 39
59 16
59 30
41 46
16 12
7 26
36 48
29 11
40 35
11 6
14 57
5 17
5 3
14 44
52 26
33 40
14 40
20 8
53 39
11 17
47 16
20 57
40 2
3 6
54 44
45 40
22 15
61 45
40 18
25 48
43 24
4 26
62 12
19 34
41 39
3 12
43 13
42 50
5 6
7 12
61 31
32 12
