63 1796
22 7
15 35
33 47
14 30
10 15
53 22
29 31
8 39
43 19
43 54
59 47
55 29
5 19
36 60
26 39
51 5
37 12
14 11
21 32
30 8
40 63
45 61
39 9
63 29
51 35
52 55
17 22
51 39
8 49
34 39
36 25
23 4
31 17
51 25
13 21
12 26
32 5
12 56
10 14
1 39
54 15
50 44
55 22
26 21
56 33
23 20
3 14
38 56
10 33
40 30
29 58
8 26
28 31
20 4
33 45
13 28
17 42
59 16
42 16
1 57
58 31
57 58
4 19
57 30
57 4
63 36
9 50
31 51
22 60
49 46
49 55
60 35
47 63
1 50
30 52
30 50
29 27
10 20
11 31
30 60
15 28
2 38
52 25
26 18
26 45
28 23
23 1
6 57
6 59
14 32
59 41
46 37
28 5
54 2
42 48
4 59
1 35
41 62
19 22
62 22
26 52
46 63
2 31
6 23
42 22
6 58
10 18
14 21
14 20
6 4
8 38
32 59
3 27
10 46
56 39
10 48
24 9
49 59
13 19
4 42
56 26
14 51
6 27
20 30
27 7
34 7
36 50
53 16
56 52
15 5
13 62
55 32
40 60
50 48
53 11
21 9
40 24
47 50
59 45
6 31
30 58
20 37
1 51
23 45
20 47
52 17
11 47
40 7
51 19
53 9
52 60
54 35
53 43
14 58
13 46
14 5
6 54
52 50
27 34
31 24
43 35
52 16
46 60
11 42
13 27
38 25
6 17
5 35
8 58
28 40
11 12
27 5
28 21
58 61
14 52
43 63
8 27
34 16
63 48
35 48
32 60
59 48
2 18
25 22
53 27
53 33
52 41
17 24
13 42
42 5
63 35
58 25
37 56
46 5
30 47
49 44
57 40
55 60
37 32
37 11
1 24
8 11
26 48
59 19
53 62
62 50
10 23
14 41
15 1
6 44
17 50
20 32
40 22
14 56
15 60
20 36
14 8
31 36
42 50
55 36
26 31
1 7
45 17
32 45
63 27
36 61
50 25
39 16
40 14
30 22
13 60
55 4
30 25
38 11
22 18
15 37
20 60
12 48
53 52
24 35
40 49
15 23
15 44
23 34
48 7
10 42
13 2
57 2
19 41
15 30
38 48
6 16
43 46
14 39
46 50
20 61
47 48
2 12
21 36
36 19
15 46
10 3
28 49
57 56
41 7
13 5
52 47
28 11
28 24
49 12
29 61
12 32
24 7
53 5
57 14
40 18
23 3
51 41
14 61
6 55
43 51
63 24
47 61
1 33
57 11
55 39
13 56
27 50
15 33
47 45
46 24
63 18
13 48
24 60
21 51
10 5
39 41
3 58
1 18
52 44
14 29
3 52
55 33
14 48
40 35
30 41
44 61
52 27
20 62
2 39
32 58
29 39
38 5
54 22
60 18
15 58
43 22
45 35
43 7
55 45
23 8
11 63
6 15
20 2
55 50
3 46
13 4
3 12
13 20
34 42
11 7
53 2
43 18
56 55
54 44
54 31
53 28
29 16
40 17
3 26
10 40
13 53
57 29
11 27
27 42
56 31
43 39
52 39
1 45
14 24
50 7
3 17
12 16
37 59
12 60
14 26
17 18
46 36
61 7
1 8
26 32
39 42
9 42
10 57
15 45
5 22
23 2
24 44
57 44
37 41
17 25
47 25
3 22
1 11
15 9
16 50
40 45
35 44
32 18
1 17
58 60
42 41
24 22
36 24
23 7
46 35
2 62
49 19
28 22
26 22
54 38
10 44
2 37
30 37
32 47
55 35
33 63
28 41
13 11
10 22
57 41
37 21
10 62
56 50
38 62
54 39
14 42
58 44
6 18
15 57
1 32
8 12
47 29
26 29
53 42
6 24
8 25
32 9
8 47
46 7
6 14
43 28
33 35
57 21
30 61
29 44
34 9
30 39
23 37
13 58
3 39
36 62
3 57
55 31
43 30
9 48
56 48
21 5
51 34
26 58
8 52
13 36
32 27
28 37
6 42
32 34
30 59
63 51
15 42
26 59
15 31
26 44
5 61
38 63
38 45
2 42
37 52
19 60
47 41
63 62
1 40
32 24
41 61
27 58
54 1
32 4
36 48
1 3
20 38
49 2
38 42
55 34
34 62
53 3
3 36
3 25
37 63
28 56
6 2
12 45
2 4
27 35
1 62
32 7
26 33
1 21
38 50
21 22
52 45
49 35
11 45
2 63
12 61
10 13
46 52
37 25
59 17
23 18
23 5
6 26
8 48
23 22
49 61
17 35
19 44
53 49
56 59
43 24
27 62
57 48
20 34
39 18
59 27
14 44
52 5
6 28
52 62
14 7
11 19
56 63
29 50
42 18
38 39
6 30
34 45
20 39
54 50
52 24
47 17
49 33
23 9
59 29
15 63
59 18
17 61
9 16
53 60
28 33
13 6
57 34
46 27
37 16
4 39
14 9
34 48
59 51
3 24
54 30
37 36
53 26
46 55
15 18
20 44
23 24
56 18
31 25
11 9
39 35
30 46
10 37
4 35
23 39
58 34
8 2
43 20
43 36
16 7
54 34
1 19
62 35
28 60
27 9
56 47
54 21
5 41
40 58
38 44
33 39
12 42
20 8
15 51
47 44
37 42
21 62
8 24
8 62
23 25
36 5
38 27
13 52
32 42
32 48
27 25
51 16
52 33
27 45
31 42
46 31
21 17
37 60
6 50
38 37
43 31
4 24
46 38
10 31
33 32
5 60
28 57
15 41
40 32
57 17
13 14
35 7
46 39
51 48
53 4
24 62
24 18
53 23
38 36
47 58
2 61
3 49
23 33
8 60
54 60
13 49
3 4
46 47
47 5
53 50
10 9
35 61
14 12
20 58
62 61
30 12
40 27
23 32
24 39
28 46
28 51
33 9
13 1
40 29
18 48
29 51
3 48
57 39
38 29
40 55
2 50
54 42
56 34
4 60
2 29
14 16
6 60
32 19
20 33
6 22
14 59
56 42
33 4
14 22
54 9
10 28
1 30
30 44
9 44
11 16
27 44
54 14
54 51
11 48
62 25
36 16
14 2
40 41
28 59
40 25
13 17
54 19
53 48
49 48
15 3
26 24
9 22
58 50
1 61
17 36
13 33
27 51
41 18
3 30
63 41
30 24
28 14
52 48
16 41
49 51
59 42
60 7
54 48
34 22
46 19
31 19
12 22
53 39
14 47
54 46
53 41
54 24
57 63
38 59
33 22
49 39
6 38
1 58
57 61
46 22
15 20
21 59
2 52
33 31
37 7
15 25
13 30
33 25
8 61
32 31
27 48
21 52
26 7
13 29
28 29
40 12
6 37
40 5
55 19
21 35
46 58
57 50
32 29
16 25
23 27
4 62
28 3
46 33
3 56
30 9
49 45
8 9
13 44
2 33
53 46
43 2
43 25
53 63
59 22
23 51
6 56
21 58
8 42
38 12
57 20
11 34
43 57
23 40
41 25
14 63
32 39
33 27
53 44
40 20
11 55
14 62
63 31
45 42
52 22
4 31
11 52
20 9
12 52
10 58
49 26
13 57
54 56
49 50
15 47
23 50
3 62
2 56
15 34
28 25
33 34
31 7
33 62
32 61
46 32
40 46
38 31
10 50
23 63
33 61
4 41
15 24
58 5
62 7
15 55
2 60
43 33
47 62
26 55
4 58
14 35
20 31
53 32
30 38
9 19
57 62
63 22
34 44
53 20
13 23
1 49
15 17
15 16
40 47
32 22
47 39
30 17
4 36
4 7
37 17
5 18
56 35
28 27
28 8
31 45
51 22
8 16
37 48
52 59
6 61
4 61
39 61
49 16
59 60
11 61
61 18
54 40
21 16
10 17
47 22
23 31
55 5
53 38
30 33
23 58
25 7
20 51
55 47
39 48
20 27
28 32
37 44
34 35
11 21
27 24
43 47
42 25
53 6
8 37
25 60
43 6
14 31
47 60
42 35
13 61
24 5
45 25
53 25
63 61
4 22
24 16
53 1
2 34
53 8
52 19
40 4
4 25
20 46
46 25
11 5
21 29
29 25
28 30
43 49
23 16
52 35
10 52
13 35
30 55
12 4
50 60
14 36
13 39
6 46
56 19
30 4
10 63
36 9
57 7
2 9
57 25
4 5
1 41
59 39
2 25
46 56
23 26
14 55
40 62
45 7
57 37
40 36
2 35
47 35
8 55
57 47
49 11
23 14
47 7
59 24
53 58
27 41
49 18
27 61
29 9
49 4
10 12
49 24
57 46
43 37
20 35
1 42
27 39
42 44
1 25
14 37
11 32
44 18
49 58
28 63
54 26
4 47
54 5
6 47
43 17
3 33
46 42
6 45
33 41
20 52
8 18
63 42
34 50
43 55
3 34
37 4
15 19
30 32
14 25
28 4
13 8
28 39
20 59
28 45
1 56
19 48
49 31
54 23
50 35
54 8
3 42
24 19
13 31
15 48
56 29
63 9
46 17
10 56
33 36
46 12
45 16
33 19
3 55
49 36
36 35
43 38
30 16
31 61
45 22
38 34
14 45
56 62
20 16
23 36
29 7
53 17
52 58
33 17
11 22
30 56
42 60
9 35
39 5
1 60
20 42
17 62
31 48
29 45
40 37
24 48
15 62
43 16
16 35
20 26
12 55
21 42
43 50
46 26
54 11
32 41
6 32
53 37
58 48
11 18
49 52
59 36
19 61
54 58
1 52
54 29
16 48
6 7
46 59
40 51
8 5
10 24
1 36
36 44
10 32
6 20
20 7
12 29
26 47
15 22
12 41
15 56
28 50
37 31
38 61
56 7
41 48
3 18
45 18
3 5
8 22
53 31
8 51
19 18
39 25
30 29
54 55
16 5
51 24
51 17
37 5
58 7
21 61
24 61
13 3
43 21
28 9
36 22
40 48
21 31
10 60
37 9
3 7
33 51
38 19
26 19
6 9
15 12
60 44
15 40
54 41
28 58
15 29
40 44
46 61
15 7
30 36
57 19
11 25
13 51
46 11
43 58
10 47
29 60
55 44
45 44
13 9
3 38
40 26
63 16
2 36
47 51
49 21
1 48
43 44
27 17
9 5
2 19
6 19
49 37
3 59
42 7
2 7
58 41
51 42
55 27
59 35
17 16
27 36
52 32
49 47
59 25
56 5
20 17
8 50
1 47
20 56
3 60
43 12
36 42
17 48
12 58
10 26
54 32
6 11
28 1
6 48
30 42
14 33
34 25
1 2
54 52
23 41
16 61
10 19
28 38
29 48
42 61
54 17
53 40
55 62
1 9
37 22
29 17
21 24
13 12
40 39
11 39
42 19
2 47
33 29
26 5
49 9
17 7
12 21
40 16
20 22
58 18
13 37
51 7
13 26
45 36
29 5
59 31
3 41
49 32
28 12
20 50
52 4
14 49
57 8
20 41
40 31
8 44
58 17
13 38
14 17
55 48
46 48
56 61
8 17
40 9
49 42
3 31
23 46
26 61
32 63
53 35
31 44
31 35
14 46
34 61
28 52
30 26
17 9
4 45
43 45
53 57
59 61
8 59
10 39
12 33
54 7
2 27
14 19
53 36
39 44
13 50
8 36
59 58
31 5
29 35
25 44
15 52
1 14
4 63
21 18
37 35
13 45
37 34
57 52
23 49
10 41
28 19
57 24
38 18
2 55
6 29
1 16
1 55
37 26
56 58
54 63
14 18
11 62
13 24
55 51
38 7
23 38
47 19
34 19
11 24
54 28
2 58
3 21
21 60
1 26
33 24
28 47
50 18
54 45
28 48
10 2
29 22
53 30
26 27
26 63
8 4
19 25
49 5
63 50
31 41
45 39
12 62
27 19
3 37
4 27
8 63
10 21
52 51
9 25
37 39
3 16
52 36
8 19
40 52
15 39
36 18
2 45
45 9
2 46
12 27
17 44
57 22
23 47
55 59
22 44
46 9
47 9
32 50
63 60
10 54
32 35
50 22
1 20
43 29
15 32
4 34
8 7
57 55
10 6
9 41
31 50
4 51
56 45
55 61
2 48
13 59
10 38
53 34
54 61
20 29
33 7
3 8
38 47
23 12
10 59
9 62
10 43
39 50
39 7
15 21
23 17
20 24
6 5
32 51
13 18
3 61
62 18
2 11
23 21
1 12
44 7
58 39
18 7
49 41
45 62
27 31
6 12
12 31
56 21
10 25
54 27
30 31
23 35
53 21
23 52
15 26
43 23
43 42
52 63
15 61
10 1
4 9
4 48
43 5
31 9
2 26
41 44
21 4
38 51
4 44
28 61
30 51
17 39
23 29
30 34
43 60
26 51
45 19
4 16
56 51
57 51
54 16
56 9
37 47
6 3
33 48
49 22
3 2
15 50
20 45
28 42
2 32
43 61
30 19
32 62
29 34
31 22
32 44
15 14
32 25
21 27
26 42
38 16
10 8
54 59
30 5
52 31
58 36
63 39
21 34
28 36
2 41
22 35
12 39
14 27
13 55
3 29
58 9
23 44
52 34
6 39
15 2
23 60
8 46
53 61
59 9
10 36
53 18
51 9
26 17
30 48
54 37
3 32
19 7
55 25
10 51
43 14
47 31
3 47
12 7
40 38
20 48
49 56
30 2
6 41
10 45
40 50
21 45
26 4
40 56
43 15
43 40
20 18
20 25
57 38
43 41
43 34
23 19
14 50
11 29
57 16
54 4
33 42
53 14
12 63
10 16
63 5
53 15
33 60
11 50
51 60
21 44
43 11
38 33
6 62
8 33
26 9
53 55
26 62
13 22
1 59
37 45
54 47
6 8
22 61
56 22
45 24
47 42
24 42
59 34
63 17
51 61
58 42
12 18
41 50
63 34
21 50
2 59
52 7
56 60
56 27
20 49
13 63
8 29
51 50
41 60
34 36
34 5
19 50
46 4
38 4
39 60
23 61
21 19
46 34
1 44
43 56
3 20
38 41
26 36
29 19
38 58
6 21
3 45
28 62
38 26
55 16
34 18
6 33
1 38
21 39
54 57
34 41
53 24
11 17
58 51
57 27
43 3
33 50
13 32
2 44
63 44
57 31
13 34
12 17
47 27
21 33
1 4
23 62
8 34
15 38
6 36
20 55
10 29
57 59
6 49
52 29
57 35
29 36
57 18
60 48
37 62
46 44
24 50
59 5
56 16
8 41
55 9
30 45
31 39
31 34
31 18
38 21
38 52
27 18
6 34
49 7
11 41
37 24
43 52
62 44
39 22
33 18
58 22
28 17
28 26
45 60
40 11
1 46
13 7
8 35
3 50
3 63
49 63
46 51
6 52
19 62
53 59
59 44
25 18
55 58
27 16
25 48
10 27
12 35
37 50
57 60
59 50
13 47
30 63
26 35
36 39
33 44
17 41
23 55
30 62
32 36
3 51
44 48
52 9
46 16
53 7
52 61
27 22
10 35
47 24
57 49
6 51
21 48
33 58
40 2
43 1
33 16
53 29
52 18
40 8
10 11
20 11
49 62
56 32
5 62
21 55
54 3
58 62
21 41
55 18
53 45
1 27
29 41
57 36
21 25
36 7
14 4
36 41
26 16
49 27
50 61
38 22
6 40
21 63
47 16
11 4
23 11
15 59
10 34
51 36
1 34
8 31
10 49
46 45
11 44
28 44
45 41
63 45
30 11
46 29
43 59
51 18
16 62
15 11
28 2
57 32
24 25
2 21
8 56
5 44
15 49
28 7
43 27
37 29
62 48
37 18
57 12
39 19
47 34
1 29
6 25
11 33
54 62
26 25
43 26
8 45
8 21
29 62
9 18
34 60
52 42
4 17
31 62
56 17
37 19
30 18
9 7
31 60
59 7
56 41
3 9
53 56
5 50
6 1
10 4
31 16
9 60
54 12
5 48
34 17
38 60
51 45
53 12
33 5
55 42
2 16
56 4
16 22
11 36
20 5
17 60
32 16
6 35
2 5
40 34
11 56
38 35
11 26
54 33
40 59
58 19
13 16
12 24
30 35
12 50
19 35
3 44
54 18
56 44
32 17
8 32
41 22
39 62
43 48
61 48
55 63
56 25
23 30
58 24
57 33
14 38
37 51
63 58
51 62
55 41
30 7
53 54
23 48
