97 3351
66 82
5 90
60 63
47 7
7 33
71 82
25 78
92 22
27 21
94 44
5 38
66 97
48 32
30 10
28 9
12 70
58 68
9 23
88 57
15 10
68 7
96 46
36 71
24 13
25 59
1 48
23 7
45 48
52 14
31 35
43 57
87 20
89 76
17 62
29 94
36 9
39 92
77 29
71 40
56 58
21 40
77 9
56 86
56 88
94 26
56 52
23 24
52 32
4 94
90 15
12 93
66 47
7 92
48 61
20 78
11 36
89 79
21 62
80 86
73 43
44 53
15 46
22 50
19 64
35 33
68 52
93 78
71 61
97 43
64 15
52 27
11 41
72 35
33 42
42 73
35 69
70 83
59 87
79 25
67 85
18 76
87 24
67 32
39 34
64 35
10 75
11 75
25 87
36 50
3 91
6 53
75 94
18 35
38 83
82 91
55 33
71 28
75 34
32 96
57 50
5 59
61 18
15 16
87 32
16 3
90 27
23 58
8 96
55 65
32 16
95 46
70 17
37 23
97 81
95 17
60 49
36 40
58 50
68 73
71 87
39 11
31 11
3 88
67 14
56 34
31 58
19 84
60 46
76 49
44 57
33 63
14 64
95 8
76 41
15 7
10 86
1 3
4 40
38 47
42 43
30 68
86 4
65 80
66 38
54 59
82 65
31 51
2 12
12 72
48 9
78 81
85 31
3 21
27 14
59 40
47 37
75 62
84 90
46 83
58 90
28 96
87 46
25 2
17 82
24 19
77 13
90 97
20 42
92 44
63 8
68 70
39 15
9 21
58 32
89 17
28 2
17 93
56 46
90 69
37 16
95 13
9 34
48 68
27 32
64 8
2 59
11 37
46 86
12 34
58 82
59 97
10 40
39 8
80 42
54 9
41 73
38 1
10 20
54 55
55 90
47 86
43 91
36 34
58 44
75 81
54 8
76 60
78 82
88 17
25 24
49 35
87 62
61 13
29 42
47 13
55 69
74 93
49 33
41 86
77 61
30 89
43 86
18 29
20 44
45 58
45 13
13 64
31 95
77 25
38 33
45 31
11 24
91 69
76 6
61 49
35 51
45 22
71 57
87 17
59 7
55 9
28 16
49 32
89 81
18 3
7 51
10 32
77 81
61 23
74 38
54 67
1 52
90 18
77 80
77 65
68 2
52 72
57 91
67 56
83 94
52 33
54 73
46 6
49 62
90 34
95 74
38 16
75 70
16 69
61 21
72 70
77 4
41 51
15 43
71 86
39 89
10 34
2 86
22 17
95 69
36 35
95 49
58 26
24 93
10 12
9 91
7 16
42 26
49 10
13 94
30 94
41 44
54 84
9 52
85 79
88 46
2 52
38 17
48 16
77 26
60 15
40 50
1 15
63 43
54 29
71 16
16 41
23 3
83 41
37 93
47 21
77 70
23 62
48 37
56 48
39 95
42 91
70 20
5 80
85 53
45 26
31 76
85 40
13 22
66 74
90 60
94 34
74 33
83 34
71 92
78 97
49 15
41 22
72 63
48 63
47 19
66 36
15 21
5 74
1 37
35 96
58 29
10 53
62 42
67 23
80 53
25 76
79 43
74 50
26 91
13 35
71 14
85 75
66 12
82 6
10 94
5 34
9 44
34 81
27 8
47 57
89 8
77 39
51 22
8 86
12 94
12 26
45 50
3 41
61 53
28 58
56 28
1 94
30 35
1 91
63 82
18 53
5 97
11 19
49 82
58 73
35 65
1 64
1 69
45 6
82 94
67 60
95 40
18 41
19 70
39 27
27 69
28 29
54 77
72 65
61 22
1 22
58 16
11 59
31 34
25 6
45 95
15 35
5 8
67 44
54 25
32 75
21 46
61 30
74 7
24 62
79 87
3 83
29 10
36 86
12 40
74 53
3 72
23 70
37 46
37 24
70 63
92 41
47 40
19 80
95 21
54 94
70 88
48 73
74 90
56 37
66 63
43 6
45 97
37 72
55 93
28 60
24 43
11 83
84 10
93 80
62 78
3 50
13 34
66 17
39 36
25 44
48 87
86 34
84 62
31 41
8 83
52 19
48 52
21 70
18 16
61 68
29 27
74 24
38 48
90 65
89 65
85 51
11 96
81 69
66 86
28 37
45 83
15 44
5 56
32 44
22 43
35 21
56 79
44 34
25 60
72 8
25 41
36 49
58 70
54 35
66 56
85 84
46 93
23 6
54 88
79 78
46 42
68 17
15 4
11 16
1 20
20 8
76 70
90 4
37 34
85 92
18 93
58 20
55 17
11 87
45 18
84 32
73 26
34 53
9 20
48 90
68 42
15 34
5 24
3 86
35 22
75 7
52 44
10 82
85 73
15 53
51 50
77 36
85 65
30 40
89 57
70 69
54 22
56 71
27 83
35 63
60 57
24 34
55 35
37 15
35 50
9 87
31 90
50 34
77 5
75 33
1 97
32 33
73 86
89 53
89 73
80 40
37 88
1 70
28 32
33 65
51 97
21 50
83 82
77 46
45 60
36 44
95 86
95 7
92 33
47 1
23 72
8 4
36 92
1 49
5 15
1 83
66 42
78 73
74 37
86 44
9 65
38 25
15 57
39 17
64 16
76 72
19 27
16 91
28 17
49 94
67 50
88 4
32 40
37 2
18 27
46 50
8 43
33 57
95 37
37 3
45 77
32 82
39 30
7 12
83 73
72 33
88 33
22 78
85 19
28 74
85 29
96 50
6 86
30 49
41 93
82 40
41 82
75 96
73 81
76 69
85 24
9 88
45 85
37 17
39 51
5 85
79 6
36 17
55 39
85 96
45 5
84 15
54 92
84 6
31 63
13 60
25 32
51 6
55 72
47 34
48 94
37 43
9 27
37 83
87 80
45 71
63 44
85 48
95 83
47 35
36 18
56 72
1 6
39 93
39 22
67 39
67 43
89 59
15 22
89 12
87 33
93 4
39 61
23 30
59 26
63 97
61 43
83 50
97 6
31 73
55 94
1 41
90 80
43 4
84 17
70 46
11 78
83 42
89 88
31 39
35 86
78 65
42 40
31 89
36 32
56 29
54 12
92 26
71 51
12 53
24 12
2 70
36 87
85 43
47 15
24 82
85 41
92 80
61 3
11 82
5 1
19 76
33 86
77 35
23 90
95 56
56 94
13 52
6 40
96 26
15 12
11 95
70 53
58 89
21 34
55 18
71 4
61 37
46 73
10 72
28 34
48 7
3 34
92 96
58 8
9 10
84 27
37 57
67 92
87 97
70 41
47 97
23 89
5 32
49 88
66 90
28 12
75 51
8 97
5 3
3 22
64 70
13 3
95 51
21 92
68 79
66 33
68 43
63 22
47 3
33 50
22 40
71 59
41 50
31 10
54 4
70 6
9 2
61 73
85 25
52 15
10 91
25 34
74 68
61 79
25 50
47 72
36 3
27 3
57 40
51 34
39 88
11 34
45 19
36 52
66 7
10 17
18 78
13 91
62 82
89 26
11 91
11 17
2 78
5 93
90 35
12 57
2 10
13 69
21 26
3 97
95 27
71 41
60 51
39 72
61 34
79 81
95 58
45 7
71 2
24 42
47 78
25 40
77 44
64 6
56 14
77 73
38 40
70 22
83 22
28 61
8 6
1 16
5 87
35 4
47 75
9 92
17 73
63 96
35 81
14 43
2 57
49 12
61 70
5 6
55 50
85 22
61 86
24 29
25 20
75 91
90 16
19 32
63 50
74 80
28 92
24 76
79 73
4 26
45 38
67 73
47 2
45 12
13 17
8 65
23 26
58 69
13 88
56 73
54 23
85 12
23 78
79 40
45 93
18 49
55 87
67 37
71 8
23 69
60 33
25 52
31 92
92 81
47 61
1 19
2 15
85 36
13 41
37 35
37 50
28 24
59 82
5 92
2 73
36 8
79 15
52 29
58 10
67 59
7 8
93 73
79 18
29 91
7 22
32 65
75 88
29 53
51 80
22 94
30 20
13 14
55 36
39 18
76 64
87 16
55 57
33 20
9 8
39 44
39 91
89 33
29 3
52 62
9 53
10 51
11 68
22 26
95 23
8 53
31 29
2 24
12 78
38 42
68 35
11 29
59 29
51 69
49 86
13 16
12 43
5 40
57 34
58 27
33 51
30 88
27 7
10 96
31 3
14 76
36 88
95 20
15 73
7 73
23 13
29 70
89 2
3 4
59 62
45 94
64 40
48 19
7 53
60 72
23 63
49 44
55 48
48 50
55 11
21 81
67 90
29 22
39 25
42 86
92 42
19 96
68 50
9 73
30 17
55 20
64 22
56 97
29 75
36 69
75 6
39 38
93 34
74 65
22 69
24 60
66 30
36 58
61 27
60 73
59 13
23 49
10 97
67 9
55 12
73 4
73 34
94 69
7 83
97 82
66 48
13 43
89 46
73 40
7 94
88 97
75 57
37 33
75 4
40 81
66 57
52 18
13 76
33 94
95 1
13 32
9 63
5 53
62 80
11 26
45 59
77 34
56 38
24 4
52 35
54 39
32 26
36 75
18 81
36 42
95 80
2 60
10 46
67 8
93 82
49 8
3 65
77 69
19 73
3 69
92 88
19 94
64 81
96 83
35 57
31 60
67 75
67 86
72 82
11 13
51 81
74 15
25 53
38 96
58 76
35 53
17 43
16 26
13 12
17 4
45 39
84 22
39 87
56 64
35 17
11 48
39 71
37 32
85 97
76 97
82 4
39 80
1 96
55 67
89 7
19 92
79 42
59 72
4 81
22 57
74 46
55 31
12 22
56 80
46 69
65 53
52 21
71 80
63 94
23 52
38 4
75 44
74 70
47 41
37 70
77 75
90 88
28 38
23 8
36 51
74 52
92 57
72 80
54 30
29 51
62 73
79 27
16 42
14 20
67 36
43 69
55 15
75 16
96 51
86 53
70 73
27 10
23 81
70 82
65 94
21 88
59 34
47 52
7 34
45 42
9 24
5 36
29 40
58 87
32 4
13 7
9 68
37 94
41 57
9 57
72 26
66 22
58 7
38 78
58 59
9 18
8 73
55 23
87 3
56 44
52 53
75 20
41 97
35 88
77 17
47 8
37 80
16 81
60 7
90 92
5 41
24 40
49 65
14 49
71 6
5 66
41 34
45 75
66 92
47 22
27 76
2 81
93 42
28 82
51 40
75 12
64 7
31 59
18 65
31 28
37 42
1 17
59 6
65 44
37 19
90 7
48 2
77 91
11 84
64 51
61 6
67 66
46 41
9 35
15 97
85 82
39 53
66 78
48 12
5 23
97 53
61 60
66 70
38 14
64 86
31 7
72 51
97 4
38 43
79 65
87 29
11 89
14 69
18 88
87 22
52 96
30 19
48 14
3 94
32 97
5 89
24 64
86 69
66 19
15 75
77 56
80 43
54 24
79 24
56 81
65 43
56 8
18 57
55 97
71 89
36 48
30 52
71 75
24 53
79 52
1 43
33 53
26 34
19 42
56 32
85 56
58 97
9 79
5 2
48 69
45 73
59 65
62 94
58 14
77 20
33 97
12 63
75 92
8 94
30 83
65 81
40 91
37 92
79 41
54 76
74 35
54 10
18 40
71 50
18 12
84 46
76 57
55 8
5 83
88 43
47 94
54 34
12 35
26 57
68 14
59 19
64 32
54 62
37 53
72 57
13 57
24 84
16 17
9 58
55 74
76 96
55 79
5 4
55 86
54 58
31 12
2 97
89 3
56 20
68 84
46 44
67 61
66 62
71 72
97 86
45 2
47 69
38 2
30 70
77 88
11 81
11 1
61 12
59 78
23 57
59 75
19 20
78 44
46 22
36 64
67 95
78 4
39 97
49 7
95 9
93 97
37 25
33 78
37 63
37 64
49 3
30 81
38 92
22 97
28 93
21 80
47 24
31 88
9 26
76 65
55 4
93 65
50 53
36 84
67 65
32 92
95 41
37 6
68 27
90 86
68 86
45 72
77 74
54 79
32 93
11 53
72 94
77 3
64 44
31 50
55 19
67 88
70 86
1 35
36 27
76 15
32 35
11 65
67 46
11 38
23 97
3 57
23 53
49 16
31 56
54 81
5 68
89 43
90 93
4 91
27 78
89 87
48 41
1 93
7 78
5 70
36 72
29 20
68 60
74 25
48 89
2 3
9 60
2 80
16 78
38 32
20 57
27 43
89 84
54 41
27 62
30 64
28 27
52 6
83 53
62 93
84 88
63 4
48 78
74 49
46 65
47 26
47 18
1 78
38 15
15 82
64 78
9 75
62 69
62 81
55 32
24 96
61 32
24 81
45 28
9 70
92 69
16 35
47 43
18 7
31 44
45 41
71 26
67 11
55 78
39 21
37 10
15 78
62 91
68 46
95 42
28 68
45 23
36 94
30 93
14 70
32 42
71 48
28 7
13 42
90 3
83 86
36 23
38 65
55 40
49 51
8 78
51 94
77 37
14 97
29 96
90 8
25 72
45 37
45 32
27 33
24 44
64 12
52 46
95 30
39 10
16 93
45 89
60 26
24 33
60 4
43 81
71 96
87 41
56 61
1 84
29 81
3 42
59 15
29 4
74 27
23 79
7 70
56 25
54 89
71 97
83 57
58 65
13 82
66 91
18 69
48 13
84 34
38 84
43 34
48 58
66 25
59 76
79 97
31 70
1 68
74 62
31 74
39 23
60 96
58 72
79 76
85 13
74 6
96 94
56 68
67 91
11 62
14 51
58 40
8 57
22 65
84 72
55 71
61 63
10 62
39 66
18 6
1 62
58 86
70 51
58 6
5 33
2 96
76 83
55 37
85 88
56 9
30 26
67 82
36 22
61 35
23 51
25 18
54 16
28 79
19 78
1 2
95 91
14 17
22 93
65 57
68 89
16 63
29 43
77 8
59 84
66 51
2 43
89 51
47 68
75 35
28 44
74 87
31 47
61 80
97 73
23 65
27 81
56 3
51 93
87 10
16 40
88 22
22 86
56 7
66 20
9 37
15 86
85 80
13 70
56 19
27 51
61 4
25 94
47 60
66 1
83 97
77 86
12 6
52 92
47 50
59 20
67 47
75 83
28 19
88 94
48 17
97 42
18 46
43 40
18 62
23 91
74 20
66 68
9 59
28 15
88 63
9 86
23 88
89 90
38 82
56 96
84 16
89 18
19 83
46 82
52 83
55 60
24 20
84 3
32 80
59 52
39 82
61 42
26 40
45 90
92 51
87 52
67 52
32 69
89 91
65 73
3 53
68 72
38 53
41 91
16 92
54 72
77 83
95 75
71 38
52 86
5 28
68 88
7 3
79 62
22 53
38 69
88 91
13 81
85 58
49 34
3 62
21 96
85 8
28 35
32 34
5 58
34 91
1 92
48 44
89 49
20 96
12 16
15 20
47 76
66 16
59 10
87 21
31 79
45 29
85 27
31 15
74 13
54 66
22 34
9 82
36 89
52 50
74 82
64 53
10 3
11 86
24 10
87 75
54 7
64 20
74 89
59 41
5 43
48 29
67 28
32 81
2 49
72 97
92 65
22 4
11 47
79 29
10 33
18 51
87 26
18 80
70 97
66 26
75 8
77 22
87 6
65 69
9 96
28 86
78 53
31 94
10 4
62 53
35 8
87 43
62 4
30 79
95 50
17 97
52 22
68 69
66 79
8 82
60 17
15 33
33 8
76 82
23 41
95 4
54 14
95 73
42 57
47 23
77 67
78 94
61 64
66 9
67 53
67 79
59 64
55 16
45 64
84 33
68 15
1 23
49 53
95 66
49 63
28 72
28 47
76 7
66 29
45 1
37 40
70 8
28 46
48 72
45 82
30 8
64 92
31 81
80 69
77 21
74 23
52 12
18 17
76 34
79 91
45 33
28 91
78 26
77 2
59 81
24 69
26 50
85 10
30 51
28 23
36 29
74 73
33 69
84 97
67 10
18 8
25 51
75 93
25 70
71 43
95 28
5 44
5 91
15 3
27 86
9 80
30 62
15 51
2 50
97 80
84 63
27 72
56 49
45 8
66 34
68 12
23 50
95 19
66 2
18 63
49 57
66 4
47 25
87 73
5 78
60 32
95 64
88 78
51 17
77 62
74 76
84 57
27 16
5 95
52 7
5 49
67 3
87 70
71 24
61 17
27 92
33 96
9 93
41 81
5 62
68 64
61 87
95 78
25 8
66 96
15 83
25 27
66 76
48 97
77 84
92 63
33 73
47 65
13 80
55 92
45 62
12 65
27 17
68 8
19 4
10 70
68 3
3 78
67 81
23 92
22 73
37 59
90 75
58 42
58 83
55 70
61 15
54 93
30 43
54 26
5 35
5 73
2 16
12 51
77 28
38 37
16 97
21 8
77 60
71 93
13 6
18 72
51 44
49 93
71 3
31 9
72 50
18 64
89 24
67 4
93 43
16 22
3 43
76 62
47 12
38 61
85 74
61 62
58 64
55 56
14 60
37 44
14 96
32 73
86 81
10 88
66 14
79 20
37 68
45 24
54 68
54 56
13 46
49 26
29 44
86 57
38 46
85 38
51 73
9 51
38 52
72 93
2 7
83 17
39 81
45 14
67 16
28 33
10 43
68 53
5 21
80 73
87 35
32 51
36 57
52 3
55 75
37 90
38 23
46 78
95 76
19 53
76 22
33 34
56 90
48 27
47 9
82 86
62 6
75 73
27 44
35 34
20 34
87 40
82 42
71 49
28 89
48 60
11 32
38 57
35 82
7 46
36 74
54 40
45 54
89 27
68 18
59 27
19 91
3 26
74 81
41 43
5 52
52 81
15 17
38 62
12 41
30 58
87 57
85 20
63 42
49 91
58 33
72 78
5 26
88 42
77 51
1 60
9 16
70 50
56 50
14 44
94 91
36 37
61 33
55 28
79 12
7 93
88 69
59 92
63 78
56 33
31 49
52 8
11 21
71 18
45 44
58 88
55 6
68 80
54 69
65 50
75 26
28 62
27 57
10 93
36 73
59 22
3 40
36 7
61 7
17 91
67 35
56 27
19 3
36 15
86 50
60 75
38 63
85 78
5 51
66 71
11 49
36 33
76 4
68 90
5 75
5 27
77 14
59 17
95 16
85 28
7 96
28 69
76 8
45 56
23 29
60 88
79 4
39 63
76 50
60 62
17 69
56 70
16 44
95 12
9 78
95 60
4 53
13 84
82 26
79 93
10 35
83 4
30 25
55 66
78 91
1 9
47 83
10 42
66 65
77 71
79 7
64 69
63 53
11 92
48 4
20 53
31 32
67 49
11 93
80 6
31 68
11 3
64 43
95 29
25 82
48 40
61 25
84 92
13 26
23 76
64 73
28 90
64 60
30 18
74 97
76 21
19 17
70 93
64 17
31 8
31 4
17 94
2 82
37 49
37 52
35 83
36 19
63 17
39 35
37 4
52 34
5 20
37 89
36 90
17 50
89 70
45 86
8 34
9 22
38 34
55 30
31 33
7 91
19 16
27 20
31 23
35 42
14 75
30 41
97 44
71 46
27 53
90 51
76 94
45 63
6 81
92 53
23 10
36 76
46 53
23 14
48 34
14 34
15 62
79 92
21 94
56 6
22 82
44 91
23 64
10 83
67 78
52 64
54 36
3 35
72 91
31 93
65 26
79 10
70 92
79 80
25 88
8 17
66 37
95 84
48 70
20 73
54 90
2 84
5 48
60 80
23 34
84 8
58 24
86 26
73 94
9 81
59 33
84 70
71 10
66 84
74 3
2 42
18 34
38 8
47 82
85 61
83 78
60 35
71 15
35 92
36 2
94 40
72 81
9 97
24 16
11 10
30 3
48 57
28 43
77 95
45 92
48 49
56 87
38 49
66 27
30 12
75 50
80 91
39 7
67 72
25 13
13 27
21 6
29 88
42 34
84 78
43 44
45 68
59 69
77 24
74 86
36 97
14 3
88 73
67 30
14 93
18 32
5 11
27 70
14 7
13 75
13 65
88 81
30 69
41 40
32 86
37 51
46 91
12 42
77 68
2 83
11 97
93 44
38 27
45 46
36 1
90 29
25 7
49 6
1 80
67 96
20 50
90 57
45 27
3 73
47 79
39 42
8 26
56 65
6 34
90 78
45 25
24 8
23 18
30 80
62 40
23 2
67 51
32 72
31 64
48 83
49 81
47 4
32 7
39 64
47 49
29 32
7 44
51 4
71 65
79 13
74 34
21 83
70 4
48 33
78 40
7 35
11 72
85 83
67 17
78 43
45 16
87 44
10 63
25 12
8 80
67 42
56 42
47 81
45 53
61 19
12 62
1 10
1 88
4 44
18 15
84 69
66 50
64 26
58 25
28 59
59 93
71 90
95 53
61 97
11 6
25 65
29 6
61 91
47 29
93 50
92 40
77 7
16 51
68 94
61 29
61 44
60 78
71 94
13 29
39 73
37 69
32 3
63 57
54 96
68 82
23 73
45 80
65 42
29 80
1 82
20 82
71 20
47 10
36 83
27 40
51 57
66 8
47 30
79 59
28 65
27 12
48 64
29 57
14 35
66 80
22 81
95 65
30 15
55 62
96 69
77 79
65 34
83 69
42 6
68 63
89 80
36 70
96 65
39 37
87 86
13 51
1 58
25 90
10 80
84 75
77 50
71 21
58 84
85 87
85 68
82 44
46 17
30 65
24 83
5 13
79 14
87 51
95 2
96 86
22 42
96 78
7 4
14 78
14 6
67 20
61 57
35 78
45 52
6 94
28 26
15 88
67 38
25 29
38 87
11 33
88 51
1 79
54 44
74 18
59 53
56 75
15 26
67 26
45 61
55 95
48 26
72 83
36 53
90 40
31 87
96 97
55 80
68 6
28 8
48 62
58 60
59 49
45 65
24 86
91 81
5 88
54 61
68 13
5 19
24 17
18 96
14 57
89 69
39 75
61 93
5 14
58 91
90 63
45 66
35 62
71 70
72 53
16 73
68 41
38 50
63 41
56 30
66 10
92 78
59 43
27 6
77 49
16 6
55 5
9 33
61 2
45 9
64 82
60 69
2 20
8 50
83 65
92 97
77 47
73 53
11 12
46 34
55 89
23 16
90 41
92 17
45 40
39 59
7 43
3 96
54 65
25 84
88 40
89 82
11 74
85 44
77 92
16 70
54 20
36 91
1 33
52 78
30 53
37 12
39 32
55 7
88 50
2 76
47 16
31 48
5 18
77 87
60 22
79 32
84 43
30 92
90 50
60 8
82 53
30 78
5 31
14 81
71 9
17 53
71 76
64 96
71 35
73 44
54 21
67 87
78 80
54 49
24 49
38 6
1 30
45 79
90 26
66 49
58 52
39 20
63 93
66 40
59 35
84 86
62 57
92 4
55 42
39 86
12 3
38 79
78 6
27 91
30 44
89 29
88 8
58 15
12 8
20 93
19 14
76 75
52 73
31 37
28 13
87 65
39 52
82 43
47 91
5 60
74 22
58 78
85 1
11 56
52 49
46 62
15 65
3 6
76 26
48 59
66 43
59 4
36 78
74 30
47 64
54 86
56 47
27 60
42 4
58 96
67 76
17 80
19 33
56 93
88 53
23 42
67 19
1 51
39 56
47 32
79 69
85 81
78 86
96 44
80 94
11 71
48 51
38 73
74 59
19 26
6 26
16 57
48 53
24 51
87 60
37 86
8 41
54 52
29 34
22 91
66 53
90 20
28 3
55 38
85 14
67 83
38 97
68 81
11 80
39 33
56 41
74 40
44 69
54 53
61 65
11 69
25 92
32 78
30 13
31 91
72 21
85 23
13 53
25 42
47 58
70 81
2 29
81 53
2 90
85 39
19 44
7 81
89 83
67 69
72 40
58 2
39 47
74 79
95 94
74 51
64 34
55 52
2 92
54 50
13 8
80 50
72 4
70 26
85 3
28 88
48 65
54 1
67 13
85 50
25 57
23 21
90 81
60 16
51 86
79 86
47 84
54 57
71 64
89 41
38 18
83 26
74 78
14 4
75 3
15 70
77 96
95 63
39 94
38 44
13 18
25 63
38 20
28 97
54 32
92 8
23 96
75 78
1 25
48 75
14 53
32 94
9 49
31 84
52 10
20 6
31 20
56 12
77 11
60 44
67 63
76 35
84 4
83 81
38 19
52 82
58 35
45 81
36 16
6 44
55 76
74 43
67 22
23 43
47 6
92 86
24 91
74 92
13 83
70 43
58 3
95 81
52 26
7 20
5 29
39 74
95 14
79 90
32 6
48 91
23 59
55 83
63 91
30 2
28 94
90 94
25 93
35 26
58 46
14 12
18 92
10 7
33 17
29 17
52 63
38 90
51 42
63 86
23 86
20 41
49 80
58 22
30 63
32 43
13 49
21 93
7 26
71 7
5 39
59 80
68 33
27 41
54 3
90 64
13 4
62 43
85 9
32 70
54 78
25 26
37 26
23 25
71 13
76 12
1 57
85 72
96 93
59 18
96 41
23 80
39 3
49 70
16 86
1 86
95 79
85 15
45 87
67 5
20 51
32 12
56 23
45 3
49 22
71 84
30 87
48 21
71 34
36 80
23 35
18 50
79 51
83 43
19 51
12 33
38 30
89 78
30 59
15 93
25 17
95 87
84 18
52 43
36 68
58 4
47 42
13 44
18 10
35 41
66 64
11 61
95 97
77 19
19 72
10 92
28 49
25 19
29 46
66 89
66 13
71 68
19 97
48 88
56 40
23 83
3 80
55 53
85 6
19 62
35 93
73 57
11 88
30 7
92 83
55 14
6 50
66 28
10 65
52 60
38 59
79 16
39 57
49 97
49 75
46 57
71 1
71 23
37 73
8 51
7 69
56 78
9 89
83 62
96 4
51 62
73 50
23 68
24 46
66 69
19 43
58 57
54 85
31 36
11 76
54 15
35 70
5 30
11 50
14 15
89 75
84 73
55 63
90 73
3 93
61 83
70 78
59 32
45 35
67 1
37 84
48 80
56 76
5 7
68 20
2 18
77 16
16 20
23 4
77 30
55 26
87 76
14 32
83 91
56 60
23 94
7 21
68 93
13 92
9 62
63 69
5 82
36 46
11 30
3 44
85 52
5 61
35 44
19 65
89 32
19 7
89 20
87 78
61 14
67 57
56 92
20 80
45 30
79 3
82 81
85 63
26 53
85 32
32 83
70 33
4 50
96 81
23 20
32 91
87 27
29 93
58 43
11 64
89 64
5 76
20 26
20 4
54 37
36 14
38 91
87 96
2 69
28 14
11 94
49 96
3 70
75 21
14 33
45 36
61 41
41 6
90 12
19 29
77 48
39 60
42 44
62 86
80 57
45 10
47 46
95 52
27 64
60 82
45 70
66 44
49 78
59 16
54 31
85 70
21 63
41 4
18 86
36 41
59 42
71 78
48 10
20 46
54 75
30 76
82 73
15 8
36 56
31 6
9 61
49 46
15 41
43 26
84 93
55 27
30 16
92 34
7 82
29 8
79 83
63 34
72 6
52 94
23 15
2 63
5 47
47 70
60 83
71 12
28 50
27 34
84 7
49 73
25 14
5 16
36 24
79 46
37 76
30 82
52 90
9 15
31 71
95 36
68 87
75 41
7 42
64 93
5 86
21 17
66 46
45 57
87 93
45 47
31 82
18 20
75 53
16 43
63 26
5 81
55 44
89 60
30 34
9 43
3 82
29 41
66 94
10 78
90 22
5 94
79 8
24 35
16 34
47 96
93 91
10 21
75 42
90 76
9 7
80 26
19 15
84 76
74 94
23 32
11 66
45 20
55 82
59 83
31 38
95 61
78 50
67 68
75 82
41 17
71 58
68 44
54 6
35 91
77 58
21 44
14 72
77 40
7 72
68 29
2 19
59 51
62 34
30 72
56 17
87 63
63 65
11 35
14 22
84 21
39 62
11 14
87 49
74 88
36 60
13 86
15 96
28 75
19 35
27 42
70 34
31 30
40 53
71 63
31 80
59 60
29 7
16 62
53 69
3 17
78 69
3 63
30 32
82 57
51 91
31 14
84 83
5 12
48 35
19 34
61 10
19 41
13 40
6 91
89 63
74 9
28 81
31 22
71 19
28 87
48 30
9 12
29 35
58 21
39 28
7 50
54 91
66 32
15 50
58 12
31 97
39 76
71 33
54 63
58 53
54 97
43 50
87 90
2 35
24 6
12 83
38 7
1 65
9 46
49 92
58 79
19 21
59 21
61 20
20 86
23 44
89 42
54 46
2 91
96 57
2 14
45 84
21 51
36 21
87 69
56 91
96 53
1 59
56 24
87 94
24 21
11 43
75 46
29 33
59 73
38 51
72 69
55 96
79 44
58 51
60 65
60 53
39 79
38 35
28 76
79 64
39 65
95 34
96 82
16 33
9 84
84 44
61 76
79 21
1 81
33 4
90 33
39 24
48 23
89 10
23 40
2 64
90 42
9 69
18 33
48 22
18 75
85 34
89 93
77 97
84 49
23 84
30 4
39 50
14 91
5 37
67 48
21 43
5 72
31 52
76 91
29 65
71 29
47 20
30 96
60 97
85 2
56 16
13 62
87 84
18 14
83 6
19 57
46 80
39 84
85 7
67 40
85 59
17 81
78 57
66 35
68 49
47 33
12 73
39 49
79 50
7 57
48 20
74 91
67 18
30 14
77 42
95 10
93 81
29 26
97 57
38 80
96 34
56 74
11 79
55 1
68 32
85 57
92 50
2 34
87 8
37 27
31 96
92 20
35 73
47 44
71 81
87 91
18 91
14 40
77 52
26 81
83 40
74 10
63 62
41 69
14 63
47 63
89 21
95 96
54 47
16 83
55 68
95 43
23 19
55 21
2 4
35 80
2 88
14 82
28 70
19 49
31 66
25 4
66 24
87 83
54 70
72 86
20 81
10 41
52 93
2 17
31 17
77 94
30 57
11 63
52 91
17 34
37 62
36 96
95 24
47 27
42 69
28 42
28 48
77 63
20 43
39 96
72 92
54 83
84 41
27 82
73 91
25 3
58 13
37 60
18 73
9 94
36 82
18 44
6 57
23 60
85 37
90 43
28 21
5 17
94 50
66 58
27 75
14 42
48 25
30 75
74 17
16 94
68 57
12 82
76 44
55 58
25 21
67 24
91 53
27 35
49 72
61 89
59 50
95 88
94 57
37 41
64 41
24 41
24 26
60 6
59 46
60 10
