63 1765
55 54
49 31
27 29
3 23
9 45
47 4
40 60
57 29
48 56
56 12
18 11
42 43
20 3
55 28
23 27
9 63
50 14
52 24
41 53
39 24
22 5
52 4
57 55
2 34
7 30
16 62
24 17
53 50
57 50
39 8
51 31
36 2
34 52
57 10
5 26
37 54
35 17
2 42
8 11
31 6
49 10
2 44
48 20
7 3
8 52
44 29
13 21
1 39
5 13
40 37
7 11
27 42
16 19
3 59
41 28
31 32
9 15
27 56
21 48
61 46
2 32
20 8
58 63
62 7
62 43
41 3
14 36
10 48
30 50
26 35
63 28
59 9
56 36
49 19
10 7
37 15
20 40
49 9
52 55
44 51
58 20
49 32
25 13
62 12
58 46
58 35
39 3
34 33
25 46
41 6
9 14
59 42
57 25
41 40
59 52
58 33
25 45
3 61
15 11
63 14
35 20
33 28
4 43
54 38
32 24
28 32
21 56
39 38
21 52
27 11
30 12
58 11
40 63
62 6
50 45
9 11
51 38
8 51
39 14
5 3
47 9
37 62
39 53
58 10
3 44
41 46
60 43
40 31
8 27
16 60
4 51
7 9
27 50
1 59
10 51
56 50
43 12
56 31
41 47
10 34
3 19
57 58
49 55
40 45
1 3
1 29
14 34
35 27
20 39
57 3
31 60
35 37
36 6
45 61
36 55
47 7
35 59
26 39
15 17
18 58
62 42
49 7
1 51
13 51
29 61
57 5
20 11
35 39
5 18
63 15
49 11
59 50
1 21
13 6
47 15
31 29
14 2
53 33
13 50
10 27
26 52
13 56
62 61
6 32
30 51
62 11
11 56
13 46
40 19
17 19
47 16
5 24
36 54
16 4
35 2
37 46
48 9
1 32
20 17
30 42
44 17
45 33
1 24
55 24
25 9
21 37
37 53
18 32
36 32
5 50
60 32
25 62
38 46
58 51
16 15
58 40
30 8
36 52
59 17
10 14
5 60
25 2
47 20
53 43
51 60
11 53
18 61
56 54
1 36
21 63
47 3
55 51
27 63
39 6
28 44
23 29
27 14
22 27
8 50
34 46
17 42
4 29
39 28
59 15
52 17
39 33
35 1
1 6
39 7
25 63
3 12
35 32
20 50
22 36
39 23
4 45
14 24
41 4
49 2
4 61
22 1
15 19
35 47
25 49
5 43
29 43
5 58
29 54
33 31
9 53
61 17
26 9
47 12
22 13
52 54
22 16
29 42
20 59
61 54
62 17
10 46
16 14
45 28
49 8
58 1
29 60
19 46
38 42
15 12
13 1
41 2
49 37
50 33
18 56
2 43
25 31
48 61
10 38
35 13
22 40
18 51
41 44
47 39
57 35
52 46
30 17
56 32
23 42
40 2
22 8
2 46
26 6
20 12
15 61
5 9
57 47
37 44
18 62
44 12
41 61
21 50
24 38
8 36
39 50
37 11
33 44
50 43
9 32
61 43
8 2
33 55
23 61
18 15
45 46
1 60
31 42
25 7
59 38
53 24
52 42
13 28
41 38
37 42
41 25
57 63
8 56
55 46
63 12
26 29
25 44
13 62
3 31
25 14
15 31
63 24
58 16
35 49
31 46
18 45
7 60
30 23
13 38
5 20
10 63
16 50
1 17
8 29
48 3
8 44
13 36
25 27
9 42
57 43
26 4
49 12
35 12
55 60
51 54
2 29
62 9
15 38
36 42
33 61
20 55
8 14
10 21
35 45
59 14
39 61
26 38
41 26
59 30
20 42
4 31
47 13
33 51
23 9
39 31
26 44
17 54
30 38
6 38
41 39
11 44
59 53
60 12
45 29
58 30
22 12
25 23
23 52
29 46
50 42
26 28
16 59
47 19
1 40
32 12
18 25
42 19
59 28
8 55
57 14
20 54
30 44
2 17
5 31
22 18
35 40
21 12
26 16
50 4
18 17
22 32
10 42
47 62
39 56
39 51
25 61
9 34
57 9
32 61
50 32
27 24
13 61
47 42
27 17
7 33
18 63
45 54
20 51
52 31
16 61
41 33
5 47
20 30
57 56
11 51
14 51
18 16
26 20
52 60
8 45
4 42
56 24
11 32
57 12
11 29
40 62
57 41
47 43
58 56
5 8
45 32
37 27
5 51
1 37
49 16
8 61
20 52
7 17
23 31
62 59
26 24
18 49
61 38
48 44
25 34
22 20
21 31
21 9
26 56
4 44
3 42
58 34
35 42
25 58
48 15
20 29
2 12
13 14
3 33
18 52
41 14
14 19
35 52
3 32
37 60
25 37
26 36
18 53
37 9
41 31
52 44
8 17
22 57
41 12
18 33
57 13
47 29
35 31
41 45
13 44
20 23
38 12
59 54
26 46
40 32
5 33
26 10
13 34
49 36
47 52
53 61
4 12
37 45
15 56
37 36
36 46
27 61
3 54
10 39
57 6
5 53
3 11
1 11
59 8
1 34
5 37
48 62
63 51
44 54
30 4
3 17
41 13
10 13
27 43
40 29
30 46
16 33
39 46
49 60
13 32
8 63
27 4
27 44
3 46
16 46
60 19
3 38
27 32
47 34
10 61
53 14
63 36
21 28
26 7
9 28
5 4
63 4
25 26
47 51
26 17
55 42
57 52
28 42
18 10
14 31
57 62
21 39
48 40
40 16
13 19
57 44
3 29
30 6
41 62
40 7
40 39
47 40
41 36
11 55
22 26
27 19
9 19
58 43
21 14
60 54
61 24
9 60
48 17
9 24
60 38
58 9
56 6
26 32
11 43
47 23
25 3
25 21
26 61
21 3
49 43
5 30
41 23
49 15
20 46
4 55
18 31
22 4
1 9
23 53
11 24
41 21
53 29
57 60
49 4
7 63
10 56
23 63
55 44
35 16
52 51
63 53
13 39
41 24
40 33
21 45
40 17
50 46
30 15
22 46
18 29
51 46
47 31
18 50
21 30
49 21
56 29
56 2
49 48
1 27
7 46
13 4
62 60
16 34
23 15
5 19
3 14
48 59
57 1
49 45
40 56
5 59
30 43
34 12
37 16
40 44
47 44
39 16
35 4
58 23
48 46
37 50
4 17
11 28
2 33
58 50
10 52
57 28
27 60
23 12
33 12
8 24
21 27
36 60
53 31
6 42
4 60
26 60
7 29
37 52
13 20
7 59
61 19
40 27
9 33
15 46
63 29
7 28
11 19
10 44
30 27
22 42
7 4
44 42
7 2
20 31
21 44
52 19
35 46
7 31
26 40
30 56
39 32
11 38
63 54
20 44
11 54
35 23
11 36
22 45
62 55
27 38
25 40
9 4
26 1
23 60
37 29
55 61
53 56
13 31
16 44
4 19
20 62
1 31
36 45
41 35
44 31
27 12
9 38
10 40
15 6
41 30
20 45
7 23
8 53
62 19
5 25
47 54
36 17
39 42
13 12
15 34
8 6
57 36
53 34
18 27
13 16
1 43
60 24
22 19
23 8
55 19
25 53
7 50
13 7
29 32
30 14
47 24
48 45
29 19
40 52
23 33
21 23
22 34
21 55
18 30
21 43
5 15
30 61
62 50
10 32
36 31
57 53
47 30
49 54
21 32
63 60
35 51
20 14
39 19
13 24
28 43
17 38
9 51
20 33
47 61
35 44
13 60
53 19
35 19
13 59
62 54
57 38
5 46
38 19
54 12
21 17
58 21
13 17
35 50
40 42
16 56
48 27
41 17
22 29
27 46
18 26
47 27
39 9
28 6
57 46
35 60
16 63
53 6
62 4
35 21
9 44
40 8
48 19
36 44
49 52
35 11
5 55
47 38
22 30
16 43
9 27
29 38
36 12
7 12
1 44
22 49
52 32
48 43
49 46
34 28
49 51
5 62
35 62
23 56
15 4
1 19
58 48
26 8
39 4
60 42
1 38
18 39
41 51
35 7
31 43
25 32
4 28
26 47
58 12
57 18
32 54
20 6
3 63
15 36
56 46
59 60
48 12
18 12
8 46
22 63
14 42
11 6
41 19
23 28
41 58
7 61
22 35
13 45
59 6
58 61
26 50
8 15
50 19
41 5
35 53
60 61
51 24
28 38
18 48
8 19
30 63
3 15
5 52
7 14
25 17
40 36
9 12
41 56
9 29
26 37
18 46
14 61
29 24
3 51
49 56
51 6
26 2
7 42
51 42
62 27
37 39
40 50
23 54
24 43
49 34
34 31
21 62
18 47
28 17
47 60
5 40
20 38
50 44
23 51
13 8
53 55
26 23
37 7
56 4
47 32
13 40
27 33
8 31
6 61
17 46
31 54
18 55
8 12
20 2
16 7
57 7
26 11
37 23
47 14
22 10
22 61
36 38
26 30
61 12
47 49
59 19
62 36
43 46
10 28
5 32
18 20
47 48
40 14
1 42
8 54
39 63
58 2
52 43
5 6
18 8
57 42
34 45
5 12
58 49
7 56
57 16
5 56
39 27
28 46
30 9
23 46
57 40
58 7
1 53
56 33
37 14
59 43
7 19
5 45
51 19
49 28
40 3
16 53
40 55
49 40
37 3
57 54
58 53
1 28
14 46
14 32
18 9
39 2
25 15
55 31
7 32
35 61
10 24
23 43
25 33
50 38
10 19
10 36
41 16
35 54
50 28
25 36
22 59
22 37
35 14
13 52
60 6
11 46
41 20
34 24
48 39
23 36
16 3
10 4
44 43
57 59
5 54
34 6
20 32
18 37
11 12
20 9
16 45
14 4
44 46
25 4
41 18
49 59
30 55
18 42
13 3
50 52
58 39
52 28
1 48
2 52
56 17
7 51
63 2
9 55
27 55
47 17
37 63
26 62
50 31
3 8
42 46
43 19
22 58
17 12
40 12
62 3
12 19
34 44
62 51
34 19
35 48
59 24
25 35
32 38
54 46
20 19
22 60
24 46
15 42
5 49
37 28
8 42
14 28
41 9
63 19
57 11
15 43
10 11
7 54
58 60
47 21
22 7
49 62
4 54
37 17
14 60
24 54
18 24
27 52
4 33
31 12
33 24
47 11
48 6
35 9
27 45
9 46
62 32
21 34
56 34
40 4
40 28
34 60
47 56
23 14
49 42
22 15
47 55
63 17
34 32
9 6
21 19
63 55
21 33
13 43
9 56
58 55
58 38
23 19
49 29
48 14
13 29
59 36
27 15
41 50
45 31
26 53
21 46
37 56
23 44
52 29
48 11
49 38
33 19
10 12
37 4
56 14
34 29
9 50
36 34
18 7
25 29
13 37
12 46
27 34
23 32
13 9
18 43
35 36
13 2
1 8
41 29
1 7
18 2
35 56
5 1
30 53
20 37
23 6
37 55
22 38
15 32
39 30
5 16
57 4
47 33
25 50
62 30
53 42
6 12
40 53
20 60
4 24
48 55
30 34
39 62
45 6
26 3
18 40
58 37
10 15
50 12
49 61
7 44
23 45
38 43
39 17
36 29
58 28
58 15
59 55
21 8
2 19
40 34
15 44
5 44
37 8
50 55
48 52
57 33
57 48
52 61
1 30
34 17
48 29
30 19
15 24
25 42
10 8
20 61
18 21
10 33
40 24
25 12
47 45
10 59
16 30
62 34
59 27
49 24
36 33
37 24
6 54
55 38
50 36
33 38
15 54
26 54
41 59
10 54
59 56
39 29
21 24
24 19
52 33
55 12
9 61
30 11
37 34
18 36
26 63
63 31
39 52
39 43
22 24
48 4
29 6
44 61
10 6
3 30
34 4
3 6
21 51
22 2
41 49
33 42
57 19
47 1
58 47
55 43
16 55
36 51
10 9
48 33
26 59
35 30
1 15
45 51
6 24
14 54
9 43
50 34
22 17
41 52
14 44
63 11
15 28
10 37
7 38
63 42
25 56
1 12
47 10
28 24
10 1
58 8
11 52
49 30
7 34
30 28
48 34
10 31
55 6
3 36
8 4
22 11
11 45
5 34
3 50
3 56
58 54
14 52
21 11
27 54
34 38
30 32
31 24
26 13
48 7
5 7
59 61
31 61
58 26
25 47
57 2
1 33
35 55
1 2
3 28
20 7
63 32
1 56
26 14
53 36
18 14
14 29
49 3
59 44
30 36
35 63
59 29
18 60
25 30
57 30
63 44
40 46
59 34
50 29
16 23
58 45
26 19
6 43
5 29
16 52
57 15
49 17
48 51
28 60
44 32
18 19
35 24
41 34
28 12
3 27
40 51
41 37
15 50
35 6
20 36
1 46
22 44
59 31
9 8
37 6
48 8
41 60
10 45
54 19
36 28
48 32
22 9
5 42
57 45
57 26
49 39
5 27
28 54
13 11
26 31
15 52
44 38
48 37
35 29
11 31
5 35
39 54
22 53
5 38
63 34
28 51
3 60
49 33
49 53
5 48
47 2
56 55
41 1
24 12
25 52
53 38
52 12
57 20
23 50
25 48
36 4
21 54
37 59
62 23
36 24
47 28
45 38
30 52
9 2
4 46
16 32
20 24
5 17
60 46
47 53
35 28
50 61
53 44
62 14
41 63
53 54
58 17
1 4
16 17
16 11
56 51
14 33
45 24
58 31
39 55
20 15
58 42
25 8
15 45
3 9
62 31
25 16
50 54
25 20
3 2
41 15
53 17
2 60
6 46
48 23
20 16
5 63
56 43
4 32
53 32
5 28
62 33
50 2
16 42
58 24
3 55
36 43
37 32
35 3
56 38
9 17
22 14
7 55
45 17
16 27
3 52
57 31
14 17
22 28
11 42
35 38
47 59
5 2
25 1
27 51
49 20
22 54
59 23
48 63
2 61
34 43
25 54
25 28
59 45
63 38
8 33
13 55
1 23
53 45
62 46
35 34
48 16
1 55
62 56
63 43
1 63
55 17
22 39
51 29
56 60
4 6
6 19
18 4
49 14
48 36
63 6
58 44
47 63
37 33
5 39
49 63
25 55
35 43
14 55
41 32
16 2
47 46
62 63
39 34
16 9
23 34
16 29
41 10
48 54
33 29
31 19
17 43
31 38
25 10
44 19
25 43
18 38
23 24
34 55
22 31
10 2
22 21
62 52
30 45
41 7
10 62
41 27
10 55
8 34
26 45
59 33
18 44
11 60
5 61
58 62
62 24
1 50
23 17
13 42
16 8
27 2
35 33
26 48
2 54
20 27
56 42
39 45
58 59
58 13
50 51
5 11
49 1
15 53
20 56
41 48
22 23
39 60
48 2
18 34
33 60
1 61
45 43
21 15
55 29
21 59
40 30
26 49
11 61
45 44
18 28
40 38
25 6
48 28
47 6
34 51
22 55
7 8
37 51
62 38
3 43
10 29
22 33
41 55
22 43
10 17
51 17
63 61
21 60
44 6
5 14
18 23
18 13
20 63
2 45
23 4
18 54
58 6
50 6
15 29
47 50
5 23
7 36
13 27
59 4
57 34
9 31
26 21
11 4
16 36
7 53
56 52
21 20
2 31
40 6
39 36
11 33
40 23
18 59
59 11
16 51
36 19
37 31
54 43
15 55
11 17
3 53
2 38
27 6
2 55
20 53
48 53
13 54
20 28
2 51
33 54
1 20
49 23
41 43
37 43
57 39
40 54
35 8
2 24
37 38
48 38
36 61
57 24
53 46
57 32
32 42
45 12
37 61
57 21
47 37
1 16
53 60
63 50
14 6
63 46
8 32
50 24
13 23
59 12
21 61
33 43
48 30
30 60
26 55
56 19
53 28
26 42
21 38
21 40
32 43
41 54
26 12
13 15
58 14
21 7
10 53
49 6
15 14
56 45
14 45
22 56
56 44
11 14
21 53
59 2
16 31
31 17
16 28
16 6
2 28
49 27
9 52
21 4
11 50
14 12
25 51
30 29
25 38
22 47
57 51
35 10
48 42
16 12
62 29
6 17
45 42
15 2
58 52
27 36
25 59
8 60
62 45
16 24
30 31
28 31
26 34
13 48
55 32
