31 89
24 5
6 26
12 23
17 24
19 30
4 26
19 1
25 20
23 25
21 2
28 31
29 27
17 6
1 29
22 28
22 10
19 8
17 16
13 29
27 22
15 6
14 6
8 24
6 8
12 6
20 7
2 23
3 29
10 5
15 5
28 20
26 8
4 3
8 30
16 2
8 2
24 11
2 5
1 13
12 5
28 21
17 30
1 31
14 13
9 19
1 23
10 23
17 18
3 19
29 15
21 5
11 22
30 23
27 5
1 18
15 28
1 8
8 16
3 15
14 27
1 15
4 14
30 27
3 25
16 20
15 8
27 16
23 5
4 8
12 1
15 30
30 24
3 12
19 28
8 23
10 20
3 24
4 5
6 10
16 5
22 20
29 18
15 27
12 15
14 3
7 31
21 23
6 7
25 31
