57 1192
31 14
12 13
12 28
51 30
10 8
21 43
34 20
37 7
52 3
34 29
57 1
38 47
44 28
16 31
10 57
45 48
12 29
17 28
3 17
51 11
14 40
52 54
9 29
27 51
45 27
10 5
36 13
16 42
33 11
49 24
19 13
29 53
29 17
7 32
8 31
1 33
27 1
56 1
9 24
10 12
5 37
7 33
32 36
32 39
45 33
2 12
42 48
46 17
14 45
46 36
22 12
6 47
33 20
38 23
22 19
54 57
8 33
3 57
8 16
57 16
9 27
33 34
49 51
56 10
6 4
53 40
21 57
32 47
21 48
43 29
8 1
42 19
32 29
37 9
25 24
39 50
32 9
35 55
31 24
56 35
2 25
15 48
12 37
16 26
56 21
45 37
57 45
18 46
40 42
36 50
45 4
16 14
56 8
26 55
8 50
52 50
6 52
48 50
48 41
31 30
29 35
51 41
12 18
52 37
15 43
32 33
42 49
57 34
50 23
40 25
44 12
56 18
16 43
24 46
9 46
56 38
46 19
16 46
25 13
8 11
6 11
31 5
46 55
13 47
39 27
51 17
11 20
5 43
21 23
10 47
43 22
15 51
33 4
41 11
52 1
9 39
2 5
53 48
6 56
43 14
23 13
2 47
22 34
45 20
31 9
22 29
54 42
27 53
35 23
57 30
42 41
56 53
40 23
2 22
6 1
34 46
10 11
56 22
12 34
26 40
10 17
44 29
16 18
24 55
44 40
1 30
37 1
25 4
10 45
1 34
1 13
16 51
6 19
22 37
20 38
23 28
52 34
56 43
56 17
53 18
4 19
44 5
48 28
53 42
16 22
57 9
8 14
32 27
37 33
6 16
44 41
54 56
49 35
36 30
44 37
20 24
57 8
6 38
16 23
44 38
22 42
16 49
44 19
31 37
27 23
53 4
14 37
14 34
56 7
21 16
2 34
2 52
10 31
19 23
49 25
7 26
52 36
7 28
32 48
12 51
32 34
19 17
2 35
12 41
3 5
1 48
34 40
8 29
14 35
2 39
14 13
3 35
16 39
32 55
15 8
15 21
22 1
39 51
45 9
22 46
56 45
5 26
38 35
2 41
9 4
54 15
3 23
2 38
33 51
52 17
19 38
6 35
9 51
48 51
44 51
40 41
21 30
15 57
3 19
2 37
27 4
31 41
5 51
13 17
44 39
3 24
8 37
3 8
29 41
6 40
55 50
52 51
12 24
22 27
48 4
26 30
54 7
8 36
8 12
34 4
21 20
10 3
56 42
43 51
34 19
8 32
39 38
57 22
15 29
37 28
14 25
3 32
45 7
15 40
22 18
6 42
43 41
16 1
44 23
54 34
27 13
1 53
10 26
22 20
47 28
29 47
21 44
54 38
5 45
38 13
37 46
18 23
6 20
10 28
24 13
12 26
48 23
40 20
55 47
48 25
15 27
18 11
22 39
37 13
32 23
27 17
16 53
44 3
32 53
3 9
45 38
34 35
21 7
15 53
37 23
46 28
16 11
48 55
3 55
3 51
24 17
22 38
14 39
29 51
7 34
51 23
9 34
6 25
14 19
52 55
52 42
6 24
54 17
34 51
36 35
43 50
5 7
15 20
43 18
39 23
26 47
22 50
2 27
56 40
51 36
56 55
15 25
8 30
56 36
25 11
36 4
44 24
45 1
24 38
1 17
5 9
1 50
12 48
57 27
20 36
7 48
16 40
57 38
1 23
9 30
33 35
14 20
15 56
52 8
5 29
2 40
41 55
25 18
15 16
39 4
51 24
13 28
54 32
54 16
3 42
43 23
1 26
15 33
49 23
35 30
40 38
29 20
44 57
19 35
40 47
2 1
54 21
40 35
48 24
46 13
20 46
22 9
56 44
33 42
2 42
34 23
51 25
7 17
53 28
25 55
52 40
7 55
57 4
3 1
1 25
31 35
48 11
19 30
7 9
3 37
33 24
39 34
29 50
9 25
20 28
35 17
52 33
10 38
23 17
16 37
29 40
15 26
8 47
56 50
39 17
21 33
31 22
57 32
8 55
51 28
34 17
52 35
10 50
54 18
54 33
18 19
12 46
53 50
3 38
15 42
42 4
45 39
56 30
21 31
46 30
7 50
37 30
21 12
37 11
52 19
57 11
32 51
32 18
41 17
33 50
45 42
16 34
14 11
34 25
42 11
24 30
31 34
15 55
1 4
45 51
26 35
57 40
5 28
12 35
52 49
52 13
42 20
9 1
31 26
14 23
12 50
21 34
5 22
15 35
53 25
54 37
27 30
7 4
56 12
3 14
52 39
15 4
10 40
6 57
39 1
27 18
10 21
40 28
12 33
14 42
8 7
6 34
47 30
14 47
8 4
34 42
32 30
8 48
27 46
3 22
20 13
14 4
12 32
44 45
43 53
5 34
26 23
53 41
18 50
21 9
44 50
3 25
5 39
34 11
22 28
15 50
25 23
35 50
6 14
15 31
37 42
21 36
2 32
12 55
23 47
34 36
5 55
37 53
18 28
3 34
14 48
9 41
37 19
8 43
11 23
9 53
41 36
18 47
54 31
31 55
54 36
43 24
27 11
10 42
22 47
6 10
14 28
34 41
15 13
12 49
7 41
45 26
39 49
51 38
55 17
11 38
12 23
12 27
29 55
21 24
4 47
26 24
15 12
7 51
56 4
7 19
37 29
29 48
10 43
52 23
37 40
21 35
32 19
54 30
7 46
10 29
10 51
21 27
24 23
10 36
18 17
16 20
44 35
42 55
54 27
57 18
12 39
9 17
2 17
10 20
41 4
39 47
39 25
10 34
46 23
52 5
8 35
52 4
3 27
4 17
56 20
8 17
52 22
15 30
56 23
33 13
21 38
6 53
40 36
10 14
12 47
40 48
31 32
20 30
26 13
38 28
39 35
10 32
15 17
24 36
57 24
57 7
54 3
22 14
37 20
43 34
10 18
5 12
26 17
21 41
41 46
26 25
52 28
53 24
32 11
44 18
54 25
41 30
3 46
5 30
25 30
6 45
14 9
2 14
7 18
44 16
53 55
6 18
37 26
14 7
53 35
27 47
2 30
25 47
45 32
14 12
5 47
27 55
48 30
10 53
38 17
32 13
49 28
5 41
26 28
31 40
27 49
53 26
57 19
52 26
52 24
37 47
27 33
14 50
5 25
16 36
56 41
9 49
49 41
33 26
2 48
53 46
26 49
21 18
57 53
26 4
21 14
5 35
45 47
36 38
34 30
44 55
15 44
15 46
15 49
1 18
45 29
56 34
3 33
8 22
52 44
6 36
15 10
56 9
33 55
27 36
4 38
9 26
54 51
15 36
44 30
45 50
21 53
43 46
2 9
8 5
25 46
10 13
10 44
7 30
43 1
37 55
2 43
44 36
44 46
39 33
9 48
45 40
8 9
52 56
33 49
48 19
15 9
44 14
44 17
7 36
31 1
27 20
57 33
40 17
54 35
6 31
40 51
41 13
22 35
43 49
12 11
4 13
15 24
8 13
20 50
10 33
33 40
49 36
1 51
34 26
54 10
15 23
32 50
52 15
6 37
8 41
6 28
56 57
14 32
30 28
12 17
27 48
37 34
3 28
9 40
42 23
45 11
53 36
3 41
45 35
2 19
21 50
6 32
26 36
1 55
51 20
6 41
21 47
27 25
21 8
9 23
52 31
43 17
21 29
52 16
43 45
31 47
6 26
6 50
15 34
9 18
44 49
47 17
21 51
1 42
21 5
2 49
2 3
48 47
54 47
21 11
33 23
3 16
8 24
8 19
10 46
15 47
31 23
31 45
54 12
6 3
22 32
11 46
42 46
26 51
22 40
51 50
5 42
7 38
19 55
14 1
9 13
45 25
26 42
2 18
37 17
27 42
21 46
4 35
49 4
11 17
39 11
1 29
40 13
57 46
52 30
34 18
56 29
40 11
21 1
2 28
2 44
6 44
56 26
5 1
52 46
21 39
57 48
39 41
42 28
56 14
54 9
43 38
16 17
11 24
39 42
1 24
56 25
52 53
32 38
54 53
22 23
2 24
5 19
22 51
1 35
42 18
7 40
27 26
32 17
5 48
32 1
27 35
16 32
27 50
6 21
31 46
2 6
3 18
5 17
33 48
31 48
42 35
15 1
32 41
52 7
8 26
46 50
22 49
31 27
41 38
52 9
43 33
54 22
10 48
43 9
16 47
10 24
3 30
22 26
51 19
44 32
5 49
14 18
6 43
44 11
16 12
56 37
53 17
2 53
54 43
7 25
48 46
21 40
55 28
43 26
12 25
2 57
52 21
33 38
37 38
12 53
6 29
10 55
42 36
5 27
57 49
2 21
33 25
34 28
27 38
49 19
14 38
18 38
44 42
54 24
41 50
43 11
15 41
29 11
49 11
31 20
2 36
14 46
16 35
51 47
31 50
16 4
2 7
6 5
2 46
43 13
17 30
55 30
12 38
2 10
11 55
27 28
5 46
41 19
3 12
36 17
6 49
57 51
8 53
12 9
32 46
3 36
24 4
39 53
54 40
6 30
36 28
6 15
39 26
57 41
25 19
3 31
1 19
5 50
21 26
46 35
33 17
43 37
12 20
48 35
16 25
40 18
52 32
21 37
6 33
54 39
21 45
50 13
45 41
11 36
14 30
10 19
53 11
49 50
38 55
9 11
53 38
54 13
57 25
39 19
5 36
31 38
36 23
9 36
33 47
2 8
42 50
1 40
43 35
52 47
18 30
16 24
4 23
31 4
44 20
54 20
22 45
16 33
29 19
2 13
41 47
16 30
14 53
32 28
37 35
3 49
39 28
32 26
29 18
34 50
10 35
54 11
6 54
54 41
8 27
1 46
40 49
7 27
16 38
22 25
33 53
20 55
42 17
12 7
22 55
16 7
15 39
6 9
43 42
49 30
52 27
52 18
22 4
6 46
15 38
6 48
32 42
54 5
16 9
22 13
9 50
22 33
2 55
8 51
56 31
15 19
57 47
57 23
3 39
49 47
22 30
12 36
45 55
49 46
5 33
21 17
8 40
53 51
9 28
56 3
40 55
40 19
49 38
44 43
21 3
45 46
51 46
6 51
31 18
11 50
2 20
16 41
39 29
3 53
15 7
29 42
43 55
3 43
54 1
20 17
25 38
8 18
5 40
1 41
48 36
9 47
44 22
53 49
7 42
3 48
14 36
5 32
48 18
2 26
42 24
52 10
56 47
39 46
7 11
7 23
56 5
19 47
15 18
26 41
1 28
14 29
31 7
8 42
8 49
5 23
57 12
56 33
2 50
5 38
33 18
12 42
43 28
21 28
41 18
54 19
18 35
27 19
26 46
31 11
54 48
4 50
44 47
24 50
11 19
54 46
