81 3154
69 41
53 2
31 23
19 79
50 54
52 46
32 7
16 36
7 4
26 30
62 81
14 1
25 52
68 33
50 8
65 60
81 46
58 78
62 45
14 46
42 33
46 73
26 51
32 55
6 78
29 21
3 80
41 23
20 29
51 67
18 64
78 24
54 16
54 55
40 68
73 13
62 34
71 78
52 72
1 64
12 61
5 60
45 23
36 75
73 16
38 44
31 32
62 20
61 19
22 34
73 49
34 73
34 29
70 49
31 57
62 8
76 70
57 10
77 40
24 43
18 37
18 36
11 28
30 46
65 69
12 22
30 6
5 69
29 28
68 37
54 40
24 8
69 8
15 19
2 63
46 53
2 36
57 5
42 73
19 63
65 66
28 37
9 45
38 67
17 19
32 80
55 53
12 41
17 48
41 3
46 17
17 29
51 14
54 12
63 80
37 43
1 38
32 9
74 45
4 64
25 5
73 76
23 24
16 75
54 32
1 62
11 32
80 43
7 49
27 24
51 44
31 55
51 32
31 58
5 81
51 8
44 46
53 74
12 6
5 52
12 46
80 34
1 80
21 7
50 11
27 46
4 73
63 33
58 33
61 69
15 2
50 66
20 9
73 64
15 26
72 8
1 21
58 79
2 29
6 10
48 77
52 11
51 6
40 71
25 60
65 68
69 59
61 71
68 80
35 30
58 62
39 78
59 41
22 28
38 24
51 1
16 37
72 46
66 46
49 37
44 53
63 39
23 63
66 21
71 28
34 42
67 23
24 29
34 24
68 45
12 59
50 15
54 69
38 27
61 65
55 12
38 43
31 71
17 21
31 24
72 7
38 5
10 24
79 47
38 52
10 4
48 60
31 16
14 27
54 39
26 27
45 49
14 47
27 21
25 34
1 71
5 36
44 9
44 11
26 19
40 7
38 45
58 59
32 37
35 5
41 46
62 40
53 75
64 79
18 44
12 3
54 22
62 21
55 19
81 76
18 42
3 34
65 53
35 60
26 63
5 61
54 46
30 17
80 56
33 64
55 22
74 2
19 34
14 81
31 9
67 71
60 53
6 56
1 78
27 6
50 30
61 28
32 19
27 11
69 16
19 28
81 10
14 5
71 49
72 34
57 34
3 71
51 10
26 38
30 10
61 40
44 77
42 8
51 43
46 74
35 65
25 55
12 63
54 10
15 20
11 6
42 13
81 77
22 4
74 56
59 21
25 81
70 13
45 28
27 18
25 67
12 13
32 47
48 7
1 23
25 66
24 33
67 37
50 63
9 78
40 63
22 56
31 26
35 9
69 81
40 64
27 61
52 21
79 43
37 8
17 40
30 8
19 43
66 56
67 62
6 63
60 74
60 79
55 34
20 36
11 53
17 16
54 26
66 20
1 46
3 49
27 80
32 30
71 45
25 18
51 52
77 47
56 64
39 34
26 35
58 43
35 13
63 64
38 72
71 39
31 18
30 47
52 22
54 2
56 42
55 69
22 2
3 39
31 13
11 24
35 49
69 70
55 42
46 60
66 22
25 9
57 39
27 77
19 64
67 53
39 70
17 13
63 34
52 45
44 49
18 43
36 13
33 70
46 2
65 37
57 60
70 75
40 29
58 51
26 55
40 78
28 76
53 68
61 36
59 9
10 33
22 7
77 7
12 72
14 38
44 20
22 64
68 6
19 76
18 19
65 77
48 24
47 70
52 77
23 2
5 65
49 36
22 42
53 22
50 61
29 76
47 8
2 7
17 68
38 28
38 53
46 28
11 29
42 43
63 47
54 19
26 29
26 66
68 10
14 34
54 63
38 55
62 10
15 10
25 68
69 47
18 13
5 42
55 9
15 1
2 33
1 56
54 36
29 36
22 36
27 44
78 56
1 8
57 15
15 75
41 63
7 42
53 29
74 80
35 23
62 35
19 60
32 77
1 20
44 73
27 30
6 80
74 49
72 63
55 43
52 37
28 64
48 74
38 76
57 2
17 7
24 42
59 56
19 4
40 80
61 47
50 36
50 41
60 70
67 73
15 12
9 79
51 45
48 8
59 47
41 19
61 10
52 13
34 10
55 75
33 4
74 40
31 51
31 40
25 22
59 60
57 6
50 49
58 39
25 56
10 76
72 20
31 52
11 7
54 61
66 73
8 43
68 42
5 19
14 45
26 49
69 33
3 64
56 79
55 73
54 27
62 4
52 40
3 48
71 43
44 79
77 8
44 42
78 10
57 54
3 16
65 74
44 55
22 77
75 13
51 25
18 23
53 49
54 81
27 76
9 49
51 34
5 18
74 71
54 73
31 28
75 8
24 7
76 75
52 20
72 65
33 47
81 2
10 47
26 9
50 47
71 7
11 64
50 77
34 4
35 48
45 39
51 80
59 23
21 37
80 10
51 70
50 1
48 6
76 64
18 41
57 48
34 33
41 60
66 3
54 67
51 13
12 64
35 43
48 29
5 44
60 8
61 6
66 33
18 52
48 39
53 24
74 43
12 79
38 61
14 76
61 2
31 21
20 64
18 12
18 30
15 28
9 39
28 56
50 52
81 28
60 13
31 6
41 74
3 56
58 35
60 24
66 13
64 16
19 40
72 75
67 42
44 39
57 25
66 63
61 48
3 45
26 24
60 34
14 18
30 45
60 21
59 33
32 16
41 68
38 42
52 29
1 32
65 78
5 73
57 43
81 71
67 4
71 8
54 29
77 43
60 36
66 69
11 59
15 53
65 40
58 46
25 53
3 29
23 36
10 13
1 25
19 45
76 36
46 36
32 3
15 62
12 74
32 70
67 17
61 39
65 20
65 73
68 16
68 2
39 16
61 45
48 76
14 9
52 9
25 62
14 69
25 40
3 10
67 64
20 77
26 52
28 21
26 5
27 78
51 36
55 2
15 5
25 3
80 39
45 75
67 76
53 43
60 16
65 8
62 46
23 42
42 47
71 76
49 43
2 6
35 18
51 21
71 21
5 17
58 40
27 13
77 80
54 30
77 21
34 21
51 68
25 23
22 70
17 56
60 80
48 36
1 44
66 17
35 75
54 34
15 8
9 46
1 3
48 42
9 48
71 37
9 64
17 3
18 11
22 6
13 37
18 6
72 61
14 25
76 49
1 35
2 49
35 17
26 12
32 46
67 69
61 70
19 29
51 4
31 56
15 74
12 8
10 7
22 68
60 63
66 36
5 47
77 33
23 8
62 80
22 47
15 4
30 29
34 36
14 77
20 63
60 47
67 55
12 43
6 49
57 76
32 69
57 21
48 40
67 12
11 37
30 77
21 79
38 20
81 42
65 29
10 28
10 56
18 10
38 11
14 78
31 29
71 73
51 33
29 79
48 63
41 49
56 21
67 35
19 77
65 33
9 53
2 10
58 4
58 26
76 13
69 42
2 24
11 73
28 49
5 53
49 16
18 65
60 71
15 46
1 77
69 4
1 60
38 75
21 36
44 17
18 79
20 48
32 24
32 79
20 17
9 43
21 49
57 66
15 38
52 8
1 9
54 43
10 42
32 22
9 2
58 72
33 79
55 40
75 37
11 12
52 16
48 79
5 45
67 28
73 37
74 33
68 73
20 78
1 10
54 49
62 5
81 43
26 22
50 64
57 41
1 34
69 64
46 19
17 53
1 39
72 9
4 43
53 45
14 75
19 33
5 79
26 70
47 43
33 8
26 13
78 4
27 23
5 77
46 6
33 37
25 38
19 2
22 63
53 6
44 36
68 13
18 66
47 36
62 56
27 74
20 71
80 64
5 66
32 4
41 56
31 72
41 4
30 49
11 4
15 43
9 60
50 6
66 4
59 17
23 39
40 56
66 9
80 49
9 47
11 30
46 78
38 12
59 29
52 76
65 41
67 75
9 23
66 41
61 68
39 28
44 59
50 46
26 7
35 53
12 45
41 13
33 13
67 32
38 4
46 45
58 15
12 39
27 19
80 29
35 20
23 21
25 76
46 4
52 56
57 17
54 17
35 63
67 3
26 40
66 28
79 8
21 47
25 39
14 30
20 37
57 22
73 36
57 58
5 46
29 8
3 36
57 42
3 79
55 3
61 16
59 19
9 7
52 69
74 79
50 35
18 40
64 13
40 45
60 49
77 68
59 39
45 80
62 55
62 24
15 24
21 73
26 71
78 75
51 53
57 56
67 45
78 13
45 7
50 79
59 78
31 54
9 68
11 79
39 8
52 55
10 49
19 47
55 47
52 33
54 11
69 28
11 70
45 79
68 4
39 79
3 24
17 78
38 33
60 39
18 63
61 17
5 74
72 59
78 73
67 20
51 77
56 70
53 34
54 68
27 70
44 72
58 13
41 37
20 69
16 8
72 80
9 41
15 17
50 73
17 76
61 42
54 78
61 4
17 43
20 30
3 4
57 9
54 64
81 56
32 73
71 79
21 16
28 7
24 28
70 43
5 7
58 17
38 41
68 24
65 2
34 75
1 76
50 23
19 8
17 23
67 70
4 8
51 12
31 70
72 39
5 22
51 38
4 37
29 43
44 74
70 16
31 37
55 13
15 44
74 73
50 65
60 28
9 24
58 37
48 70
15 18
48 23
15 41
61 60
50 34
65 43
57 47
2 43
25 72
44 47
34 16
12 9
62 9
15 80
32 76
1 28
25 10
25 17
45 13
11 41
19 53
41 10
49 13
78 76
65 79
51 64
65 23
25 69
52 17
61 9
18 4
50 67
11 74
76 47
14 13
71 23
71 34
20 21
1 48
23 28
57 27
63 7
21 42
30 69
12 42
77 39
38 32
53 42
19 71
54 59
81 47
69 46
7 16
50 2
58 60
61 21
38 62
53 7
30 76
19 78
11 77
66 74
50 80
48 19
26 25
22 71
26 61
27 33
15 61
27 60
25 65
46 3
51 65
31 34
54 23
19 49
54 13
52 79
18 45
31 19
17 34
31 73
27 16
50 37
4 47
40 76
18 22
11 36
6 42
20 41
62 37
63 78
27 39
67 48
15 66
66 8
48 78
5 11
54 18
1 2
27 68
69 68
58 61
63 28
50 10
72 3
5 37
62 64
2 13
23 49
6 73
55 49
12 33
22 10
57 77
67 56
54 75
72 73
31 53
21 70
41 39
72 30
72 70
57 19
77 10
32 49
54 20
14 6
20 46
14 33
5 76
23 79
5 27
3 73
40 23
68 43
1 65
12 21
1 49
7 70
38 16
38 78
80 16
60 22
39 21
50 14
41 28
51 29
62 13
46 43
25 16
11 81
22 43
2 16
2 21
48 73
68 76
1 75
1 4
38 2
41 21
54 24
18 21
80 73
59 63
12 29
32 45
81 41
58 22
47 75
57 12
31 67
58 16
44 48
81 17
65 7
6 43
41 79
27 48
54 44
41 43
5 49
71 16
59 2
2 75
66 43
17 77
5 10
28 4
5 34
14 3
47 49
35 34
50 48
50 21
38 30
32 66
54 21
42 76
58 2
39 13
41 48
26 64
59 10
53 64
67 40
60 2
6 64
1 6
72 28
60 42
27 10
1 73
28 13
32 42
22 49
55 7
1 74
41 73
29 47
26 53
72 48
7 43
53 40
59 81
46 16
18 60
54 77
55 76
67 34
45 43
29 13
34 64
35 12
46 76
26 34
58 12
57 46
1 45
41 71
12 20
54 53
57 45
3 53
65 13
17 6
40 33
19 10
32 43
26 18
34 70
25 13
62 33
15 69
62 59
5 70
78 36
30 63
35 61
20 81
17 39
62 27
14 52
81 79
51 71
35 46
2 8
20 60
62 79
41 70
28 43
40 37
6 21
30 34
69 73
14 56
81 63
25 79
22 21
20 39
1 7
12 80
80 8
31 45
68 34
12 19
57 64
23 34
15 71
16 43
71 2
12 76
77 36
54 51
61 43
52 30
55 65
67 44
55 72
72 74
72 36
58 64
18 2
57 70
59 4
58 32
50 81
77 34
5 48
56 16
57 59
18 29
9 37
2 47
3 40
67 18
25 37
6 16
30 28
65 42
57 74
23 47
38 6
31 78
20 4
14 29
59 42
31 20
81 68
72 64
58 69
56 73
65 46
45 37
51 59
18 16
54 25
24 4
18 34
53 23
62 48
11 45
51 73
31 14
55 59
15 55
54 47
46 48
71 13
45 8
1 52
67 63
57 4
53 77
44 23
50 40
71 33
32 40
69 23
14 4
53 8
5 40
14 32
55 46
20 68
27 8
61 66
14 16
81 7
81 4
52 80
34 13
35 37
51 74
42 49
26 78
11 55
42 64
24 37
24 47
69 9
67 2
46 77
29 33
77 78
11 9
38 80
27 32
55 8
18 55
25 19
44 13
70 36
81 49
68 39
56 33
23 64
40 16
11 19
67 21
15 76
69 77
71 70
31 77
44 21
77 64
17 75
61 56
31 1
66 68
71 56
45 21
76 37
79 13
21 64
78 21
25 71
15 14
61 64
44 40
1 81
44 45
14 61
62 43
63 79
72 33
5 59
3 21
62 65
12 24
14 19
51 9
46 79
27 53
63 49
17 37
51 72
30 70
57 78
50 44
74 21
6 13
32 21
1 63
65 17
62 47
51 62
67 78
30 68
32 81
50 5
72 53
19 39
14 35
50 45
32 74
19 6
2 28
57 61
58 70
26 39
58 21
46 23
24 79
62 12
44 78
32 28
52 73
50 42
29 16
57 65
30 33
26 60
39 29
81 64
38 18
68 79
5 16
55 80
46 34
40 8
56 47
14 74
27 59
42 75
35 6
71 68
59 3
54 28
30 2
58 71
15 16
1 16
9 10
14 36
62 66
67 59
20 33
35 24
38 70
35 22
62 19
14 68
41 42
62 3
67 79
26 20
15 32
27 28
51 35
57 73
45 16
81 39
9 40
52 61
18 69
80 36
72 17
31 81
51 69
39 64
77 70
45 36
44 80
25 78
25 73
59 22
62 61
25 80
52 59
54 48
62 69
27 72
72 13
15 65
67 61
15 34
65 80
41 36
20 59
80 78
41 45
50 53
58 81
48 34
72 19
35 68
19 7
18 39
39 36
17 22
50 62
26 33
64 36
59 6
7 64
77 2
15 30
59 71
14 22
62 11
74 13
6 47
14 70
81 34
62 78
33 43
2 42
38 73
77 37
80 76
72 6
81 22
20 34
29 73
11 78
62 36
67 52
10 75
38 19
38 47
41 24
10 79
65 9
50 18
58 5
34 76
55 71
63 70
11 71
50 13
72 69
9 80
62 73
65 59
26 76
51 2
69 6
41 76
40 13
81 40
27 71
51 22
30 9
51 18
20 7
72 42
48 80
53 16
77 76
79 75
19 36
52 47
46 29
18 81
18 73
20 8
31 62
7 13
15 48
15 72
35 78
22 80
56 49
33 75
3 75
54 41
19 70
44 65
48 75
6 8
46 56
52 66
40 73
39 37
45 47
55 48
35 10
26 14
12 10
55 70
60 64
67 8
58 41
18 59
5 29
50 29
65 76
55 81
54 71
32 60
58 73
50 71
65 47
64 75
77 71
46 71
32 59
12 56
67 24
52 28
40 70
15 22
23 13
65 34
35 32
20 24
38 63
10 73
17 74
12 30
57 23
53 71
65 48
54 7
67 11
53 78
1 36
32 71
53 33
32 56
32 20
59 73
5 56
50 25
22 79
61 59
57 81
15 51
49 75
31 64
1 27
65 22
9 77
78 7
27 43
76 43
69 17
26 75
14 48
52 48
26 16
64 37
20 16
52 60
52 78
10 29
32 53
81 6
78 33
24 70
32 2
44 2
53 4
66 40
1 5
12 16
18 28
58 23
31 36
40 43
66 59
24 75
50 78
41 40
74 10
38 79
73 79
15 3
81 45
31 41
52 36
9 22
26 10
40 2
44 56
25 64
48 33
5 13
22 74
30 40
74 75
51 30
45 64
25 70
11 66
62 7
45 56
60 4
25 75
30 71
31 33
1 37
41 80
20 3
29 56
69 78
22 78
41 16
55 16
26 69
62 18
67 30
22 13
63 8
2 64
57 72
32 41
59 16
14 73
15 63
67 68
59 24
27 12
26 42
59 74
9 74
25 36
30 80
78 64
21 33
23 76
30 42
72 56
35 21
1 22
19 21
9 13
67 49
57 18
27 55
5 28
1 61
62 70
57 38
74 70
80 37
17 36
11 23
62 17
62 49
23 7
20 49
74 7
64 47
53 37
66 77
52 70
22 23
35 73
55 29
59 64
53 39
66 2
61 77
18 71
62 44
31 12
14 71
65 28
71 6
26 59
69 24
19 56
17 10
25 6
11 69
26 43
72 16
44 52
15 67
71 36
14 40
3 23
38 74
81 73
58 56
25 63
42 36
27 2
1 13
17 79
18 8
39 49
54 42
35 66
52 19
62 30
20 76
20 19
54 62
52 53
74 37
55 74
45 33
63 16
74 76
81 9
64 8
36 37
50 28
77 13
6 33
74 23
81 23
14 64
78 79
60 78
41 64
20 74
32 72
78 28
3 42
58 50
44 61
78 37
41 6
12 40
12 66
5 8
27 64
58 14
61 24
58 11
15 25
52 23
12 73
81 16
62 6
31 49
57 67
14 39
57 30
51 55
26 72
81 37
26 8
12 75
62 23
54 37
42 37
58 10
25 61
2 4
60 68
14 66
74 24
27 52
12 81
55 56
48 37
20 79
17 63
52 3
77 74
25 24
3 6
71 4
67 22
51 75
50 60
32 63
74 4
21 13
81 3
15 9
54 15
42 70
1 29
6 37
15 47
68 64
66 34
14 42
67 66
14 10
59 8
44 64
32 23
35 44
6 34
19 37
58 34
26 6
67 39
31 10
63 10
46 68
35 47
35 64
12 34
67 9
71 80
19 24
11 3
40 42
69 74
65 75
67 13
61 13
10 64
38 35
5 6
55 63
25 42
38 77
55 28
57 26
71 24
11 34
58 80
44 7
52 81
31 17
51 47
23 56
68 56
48 43
35 2
38 36
20 6
15 11
57 36
48 16
67 80
40 4
44 69
66 47
6 76
58 20
1 19
77 79
67 29
61 33
57 50
67 5
72 23
17 47
6 70
48 28
80 28
14 2
13 8
67 77
15 60
52 49
27 65
2 56
15 56
17 73
39 33
66 48
54 4
27 7
33 73
65 49
81 29
22 16
51 61
35 77
55 79
40 21
61 81
67 41
12 70
20 43
12 69
35 19
46 49
55 33
25 4
51 37
57 62
52 75
5 12
74 36
6 36
31 15
38 23
6 24
31 42
48 53
59 43
59 76
68 70
65 64
50 33
32 75
39 42
12 47
15 27
81 74
31 63
14 37
81 33
38 9
18 76
25 77
72 22
26 65
9 36
24 56
7 75
21 43
30 75
53 47
1 47
62 77
30 23
81 36
9 71
15 42
25 29
67 74
65 39
52 68
35 3
19 16
46 22
44 3
50 19
27 81
66 49
57 80
65 24
16 13
59 37
15 79
51 16
1 41
11 47
46 80
26 46
66 7
44 12
66 24
55 77
50 7
31 30
24 73
57 20
18 56
44 29
64 70
69 79
77 16
50 55
26 45
38 66
26 74
72 77
12 78
31 25
61 23
65 10
11 40
31 44
20 45
31 48
15 13
25 41
62 68
9 6
1 72
80 42
25 43
5 2
23 29
66 64
5 39
69 37
53 70
55 17
59 79
27 41
31 22
31 69
72 45
35 33
63 4
52 41
9 8
15 35
19 75
31 75
27 22
56 8
77 63
33 36
27 3
61 41
61 73
50 22
7 8
63 13
26 48
38 68
61 49
58 47
57 33
74 34
54 60
58 76
50 32
5 24
3 76
69 10
52 4
62 75
58 49
72 10
61 29
41 77
11 39
9 16
54 33
35 71
51 46
15 70
65 45
3 37
26 47
48 4
27 45
80 33
12 60
66 30
63 36
35 72
20 80
59 49
15 78
54 14
60 77
22 37
27 49
54 52
25 12
57 7
38 17
59 40
5 78
58 48
11 17
59 28
18 74
65 19
80 79
56 4
17 49
23 37
59 48
33 16
15 59
18 32
74 64
33 76
17 45
14 23
31 11
24 49
48 22
25 46
30 4
17 24
18 48
58 42
31 38
11 16
3 8
7 47
34 49
19 73
30 22
38 56
20 42
52 2
62 71
70 37
44 16
62 32
40 49
32 65
58 27
35 81
50 59
56 36
58 54
24 16
6 4
9 4
31 4
65 3
46 24
61 46
9 70
27 17
55 39
72 49
79 16
74 16
27 9
58 55
22 29
25 74
69 19
31 60
11 61
51 20
20 56
30 41
49 8
2 70
64 49
4 13
2 39
54 72
61 30
54 80
56 76
38 34
23 43
40 39
72 81
51 24
38 81
25 35
27 37
50 68
12 71
68 21
34 47
3 74
41 7
58 19
40 6
5 43
77 45
72 78
72 71
50 56
9 29
58 9
30 56
62 72
44 10
14 60
52 43
31 35
31 61
35 29
50 38
18 75
31 27
55 64
78 43
61 76
69 13
27 4
3 13
66 39
24 36
35 36
32 6
41 33
47 37
59 53
74 28
59 70
61 8
12 36
46 47
12 48
72 21
30 59
57 69
55 37
25 32
57 11
41 22
72 40
60 75
40 47
52 6
40 24
42 79
72 79
29 64
36 43
71 29
26 79
10 43
5 32
57 37
30 64
72 2
68 8
35 42
31 8
45 4
15 52
58 25
23 6
30 3
59 75
63 24
18 80
1 79
57 75
30 79
15 40
17 2
4 36
35 69
81 60
50 51
35 11
31 7
15 77
66 71
7 73
45 6
81 24
50 43
78 49
14 63
4 75
17 8
36 8
26 32
67 46
45 78
25 48
12 53
61 74
61 37
81 48
71 42
15 6
57 32
25 44
9 34
40 75
4 16
69 29
61 53
14 49
35 52
58 30
15 81
32 12
57 71
44 81
53 63
67 19
26 4
78 42
26 28
20 73
18 49
60 7
11 33
34 7
17 33
35 74
5 55
46 63
31 59
57 44
26 68
60 43
32 33
58 3
24 21
44 37
18 77
32 36
31 80
29 49
11 75
57 16
32 61
52 10
52 63
34 56
76 8
2 76
73 8
69 3
11 13
35 40
58 65
5 21
31 68
15 29
12 37
60 33
55 45
5 20
19 80
30 78
30 19
46 33
5 9
58 1
14 79
54 38
23 16
38 69
60 10
15 21
19 23
44 70
28 16
69 63
38 40
19 42
66 29
65 63
62 22
31 50
77 42
57 3
22 40
26 81
1 12
51 56
41 47
58 63
26 3
34 78
62 28
15 23
62 60
77 75
51 42
73 70
74 68
3 70
9 75
67 81
10 21
69 48
32 34
50 20
35 16
1 69
44 32
80 24
34 28
51 66
28 33
58 24
25 47
26 56
51 19
45 76
44 8
44 28
41 17
34 37
30 21
65 36
3 22
74 63
50 75
55 21
59 80
32 17
81 19
18 68
50 26
51 48
65 81
19 22
2 37
75 43
22 75
52 74
58 44
77 28
46 37
9 28
57 79
61 34
55 41
46 75
1 40
55 23
39 43
21 75
39 24
60 56
62 41
30 36
3 2
74 42
63 56
62 76
45 63
51 3
66 81
3 68
68 78
67 7
18 47
1 55
9 33
48 2
29 7
27 29
52 39
39 10
26 80
69 7
69 56
30 53
61 63
20 53
46 40
59 34
24 64
4 49
69 34
19 74
59 7
63 43
61 80
66 42
54 45
61 75
51 7
1 53
45 42
12 7
53 73
31 39
18 78
26 17
41 53
67 60
11 8
27 63
14 21
32 48
3 77
18 3
27 36
65 30
58 66
15 39
23 4
11 56
3 60
51 81
65 21
51 5
3 7
22 24
26 73
30 74
26 62
72 60
55 68
30 81
50 24
27 73
61 3
80 70
72 41
18 33
14 43
28 8
29 37
41 78
23 75
39 47
79 49
78 16
11 20
53 10
52 32
27 69
1 68
38 64
38 49
54 74
11 80
66 70
69 80
69 75
18 72
79 70
54 9
72 4
17 71
78 47
67 72
44 68
50 12
52 71
77 49
30 43
15 7
72 47
10 37
51 11
5 33
74 8
69 2
31 74
17 80
60 76
1 42
12 68
38 29
39 4
14 67
20 70
69 45
9 19
29 42
23 73
44 66
80 75
14 12
17 64
26 36
54 66
53 13
30 37
46 64
40 36
67 10
53 28
26 41
50 3
55 30
66 75
1 17
74 47
79 37
5 41
51 39
48 71
77 73
58 29
53 80
52 12
18 24
30 7
66 10
11 68
42 4
46 42
7 79
45 29
30 39
40 28
35 76
44 6
22 39
39 73
26 44
62 29
54 79
20 28
63 29
60 6
11 65
28 75
80 13
51 40
47 13
58 75
51 27
14 59
77 4
38 60
63 76
11 10
50 70
11 72
80 21
38 8
51 41
81 53
55 4
59 46
53 21
6 39
72 43
22 33
50 16
5 72
38 13
58 8
69 43
71 10
26 11
27 20
63 21
69 60
15 33
69 49
15 45
77 24
68 63
50 76
46 7
62 63
9 63
57 24
56 43
60 23
50 17
10 36
52 24
1 11
12 17
32 13
23 78
15 68
44 43
38 7
69 21
9 17
28 42
25 11
58 67
32 8
67 16
67 33
32 39
12 77
81 80
54 70
61 79
52 42
44 75
57 28
2 78
58 77
69 53
32 64
59 77
5 68
51 28
5 3
30 60
73 43
80 4
14 62
21 8
45 10
51 23
25 8
69 71
2 34
18 61
7 33
58 52
65 6
68 28
57 8
45 24
27 47
48 21
46 13
14 80
30 48
50 27
78 29
74 6
76 79
61 22
67 27
71 64
15 73
54 8
2 79
14 41
20 13
2 80
50 74
3 28
25 45
31 47
73 75
54 6
25 27
28 73
32 78
14 8
44 24
74 78
18 7
80 7
50 9
65 16
11 42
35 7
27 66
45 34
22 73
61 20
27 56
4 79
65 70
70 8
64 43
62 39
52 34
1 24
25 28
46 70
68 29
38 3
5 75
48 56
14 20
10 16
44 22
22 76
51 63
62 53
51 76
54 76
81 78
47 16
35 80
44 41
7 76
58 74
1 67
39 56
28 36
68 49
76 16
48 68
25 20
33 49
59 68
53 76
29 70
29 75
58 7
48 45
14 17
48 49
20 10
9 73
9 76
68 7
67 43
57 1
12 23
53 79
12 2
1 18
25 59
31 66
35 45
10 8
11 43
57 40
45 70
20 75
26 23
41 8
18 17
1 66
6 75
44 60
63 75
1 30
67 36
66 80
54 5
52 7
5 30
41 2
23 70
44 4
53 56
62 2
27 34
14 24
72 66
66 6
22 45
1 70
14 65
31 3
54 35
7 37
63 42
11 60
59 13
54 65
35 41
51 49
22 8
58 18
58 53
55 6
7 36
62 74
30 73
25 7
55 36
11 63
81 8
54 56
54 1
31 65
26 2
67 47
31 5
23 10
38 65
20 23
58 6
55 20
65 56
67 6
30 13
61 7
60 40
4 70
5 23
77 29
56 75
60 73
1 43
28 47
60 45
3 43
46 39
52 64
51 17
66 16
53 36
58 45
56 13
11 21
50 72
30 24
27 42
40 79
57 68
44 71
42 16
5 80
66 37
44 19
72 24
71 75
57 52
26 37
62 42
9 21
19 68
63 37
14 72
50 39
12 65
34 79
74 39
11 76
38 22
46 21
66 76
63 73
34 43
45 73
15 37
10 70
25 30
5 71
27 79
57 53
38 21
3 63
44 34
18 70
14 53
66 79
77 6
54 3
69 36
55 10
66 78
60 37
26 77
11 22
6 79
35 79
35 59
71 47
25 2
11 48
31 76
27 75
31 2
57 51
73 47
17 42
18 20
66 53
32 29
50 69
31 43
59 36
44 63
35 39
32 68
30 16
9 42
20 47
18 46
3 19
4 76
17 60
60 29
34 8
55 78
66 60
1 59
12 28
26 67
40 10
41 34
58 28
14 11
72 37
77 23
81 70
17 28
58 68
57 49
27 40
46 10
69 22
35 27
55 60
68 23
38 71
18 9
29 4
72 68
38 39
52 65
48 64
3 33
81 21
51 79
79 36
20 2
61 78
17 4
35 55
58 36
6 28
69 39
25 49
3 78
72 76
57 35
35 56
68 47
57 14
39 7
38 37
72 29
6 7
66 45
20 40
25 33
48 47
78 70
39 75
15 64
14 28
46 8
20 22
48 10
