33 387
30 33
17 20
3 31
13 18
9 14
17 1
29 9
22 21
9 23
6 27
16 27
12 29
33 24
23 33
18 21
26 30
14 22
33 6
23 28
13 20
7 32
7 24
30 3
25 26
13 1
14 32
7 5
15 13
10 5
18 8
14 13
22 6
23 11
10 21
6 4
4 13
10 3
27 1
11 13
21 28
33 17
32 4
1 28
8 2
29 32
19 33
23 20
17 11
28 31
23 3
20 16
9 5
23 32
10 29
23 19
3 19
10 23
11 1
32 16
29 24
21 5
18 27
32 19
25 14
3 8
18 1
9 31
9 6
19 24
20 24
25 33
11 18
9 13
33 21
22 5
26 12
29 11
2 20
30 17
12 10
5 1
21 27
10 14
10 7
3 22
12 9
3 4
15 14
25 32
26 3
26 29
17 28
6 13
2 5
20 5
12 19
9 33
25 15
27 24
32 20
15 28
16 31
23 30
15 26
10 18
4 16
23 27
15 33
15 2
3 21
25 22
7 19
17 18
11 5
7 23
12 8
25 31
11 27
30 22
19 21
32 27
2 31
13 28
10 32
33 20
14 1
19 16
30 14
12 18
29 33
25 23
4 28
32 8
25 29
30 31
23 18
2 21
15 21
12 22
9 11
26 1
21 24
8 28
29 3
2 28
3 13
26 21
32 24
30 19
3 32
15 20
17 6
29 1
23 21
19 2
24 5
26 14
23 17
25 2
15 22
3 16
22 28
22 1
10 20
12 23
7 21
26 20
4 31
11 2
22 20
25 20
29 23
33 8
11 6
6 20
8 5
12 13
21 1
30 4
25 10
7 4
15 19
32 2
30 24
22 8
6 16
26 32
3 28
14 2
13 8
15 11
14 6
10 1
11 21
10 28
32 6
2 27
3 11
14 11
30 32
30 6
26 31
14 19
12 32
9 19
26 27
17 5
7 3
12 17
29 27
10 24
19 17
20 21
4 2
20 31
27 28
14 17
19 22
14 4
29 31
30 16
7 29
33 18
26 24
26 2
17 21
9 8
25 12
23 14
11 31
14 21
3 20
29 5
6 28
29 2
11 4
25 11
19 13
22 27
25 27
26 23
12 5
3 1
17 8
8 21
29 28
12 1
14 20
7 31
29 13
23 6
17 31
7 17
7 8
20 27
32 11
32 13
20 1
32 33
22 31
9 32
14 27
33 27
25 13
29 19
15 4
17 16
15 8
7 27
4 18
22 13
21 16
3 14
19 31
24 1
12 2
23 4
7 28
22 2
4 1
7 18
15 16
33 28
18 31
2 24
33 1
33 2
26 8
12 3
16 24
13 16
32 28
11 16
23 1
4 5
14 31
18 24
10 6
10 19
6 24
23 2
17 13
26 6
29 20
13 31
29 30
33 31
26 10
29 6
13 2
29 22
33 5
9 2
30 27
14 8
25 3
19 27
22 16
26 11
15 27
13 21
22 33
9 28
18 28
16 28
7 33
14 28
29 21
12 16
8 16
30 11
12 24
9 24
24 31
9 30
12 11
8 20
30 13
10 13
15 9
10 30
12 31
4 24
22 17
26 17
10 33
10 9
29 14
11 8
14 16
25 4
19 8
3 27
13 5
26 16
27 5
26 33
25 6
10 8
5 31
19 4
7 16
15 7
16 1
12 7
26 18
7 30
25 1
33 4
1 31
18 20
29 8
23 22
3 18
26 9
26 4
30 21
7 11
7 20
6 1
29 17
3 2
33 13
10 17
15 31
32 5
23 13
