75 2760
47 36
10 21
43 72
49 41
25 29
73 12
35 62
16 39
21 19
21 59
51 72
42 2
46 68
6 47
30 74
17 41
24 15
19 32
67 4
23 38
51 12
47 17
67 38
63 48
44 41
70 38
4 71
75 11
4 8
4 50
39 7
8 22
53 37
68 34
21 39
32 70
24 14
69 36
26 16
13 22
10 27
58 40
40 32
12 25
72 19
34 42
15 63
39 53
69 7
32 61
68 50
4 64
22 45
27 12
50 14
19 31
16 65
17 50
42 15
47 48
9 74
21 74
35 69
63 41
7 1
52 1
3 65
4 60
57 29
60 15
26 5
48 66
27 25
75 37
39 34
42 3
62 61
54 39
9 66
27 4
67 5
62 65
16 23
9 71
32 13
56 33
1 3
70 37
48 32
21 53
69 40
3 73
25 41
11 27
28 45
9 36
18 25
20 34
71 26
42 47
48 49
11 34
40 65
64 9
73 56
57 31
18 33
55 40
28 6
2 32
15 30
31 2
41 36
16 40
4 6
18 65
54 26
55 31
41 50
8 59
3 28
55 60
13 50
73 47
44 55
35 19
20 52
35 27
54 41
59 15
22 5
46 17
72 13
4 49
57 40
18 10
4 7
7 52
63 45
71 31
48 5
15 62
16 60
21 30
10 52
69 29
25 45
20 74
39 40
75 52
18 42
61 23
71 56
40 41
17 36
71 33
33 47
24 66
63 58
31 20
68 35
59 2
21 57
71 14
56 30
75 22
5 37
7 41
27 48
68 55
60 72
16 37
12 59
11 2
44 11
75 9
29 74
19 40
40 14
44 53
74 47
41 23
8 3
1 38
71 30
35 18
20 56
69 17
21 65
46 63
73 15
69 9
30 6
67 19
9 25
64 29
32 36
54 46
65 13
68 30
26 39
3 45
43 27
68 6
75 48
73 17
71 39
23 70
38 36
64 7
37 38
19 14
57 25
46 43
68 18
18 36
53 22
19 36
25 56
20 25
28 15
72 23
55 24
71 21
6 53
46 67
35 15
55 50
40 30
33 49
41 14
10 44
3 15
66 5
43 66
13 37
55 71
44 61
5 45
31 48
41 70
69 30
25 53
43 25
42 48
34 65
3 62
74 70
11 12
51 27
39 61
24 32
42 63
69 15
29 50
15 40
44 45
54 34
71 73
31 5
40 56
7 24
69 6
11 51
45 70
71 42
26 29
61 37
56 2
7 14
67 39
74 62
73 50
57 22
64 53
60 63
57 61
8 52
27 16
27 20
34 7
40 29
15 38
63 17
12 48
75 44
54 14
16 29
44 24
35 47
1 63
31 49
4 55
67 71
51 47
18 73
8 1
21 31
68 67
71 7
20 2
10 47
71 38
46 28
46 20
7 49
66 65
39 49
51 30
51 57
55 64
8 39
2 14
44 33
31 40
67 75
9 21
56 61
52 61
68 64
67 37
25 6
72 38
54 28
60 59
43 22
44 13
49 2
46 23
62 48
14 61
27 41
46 60
28 2
20 37
61 45
16 38
33 2
68 23
54 72
74 53
64 62
42 23
43 57
64 59
71 72
52 25
72 22
22 23
56 38
4 61
65 23
25 32
71 50
1 2
31 52
39 37
4 16
60 40
26 2
67 61
14 5
35 55
51 69
72 1
57 74
12 65
59 74
64 41
20 40
28 59
26 74
51 8
69 57
28 40
18 44
74 38
12 63
64 66
31 22
21 13
16 63
1 29
27 2
63 25
7 29
44 9
43 69
46 62
20 50
59 14
52 12
3 30
69 47
15 41
64 20
21 33
49 66
43 18
61 70
46 49
39 66
67 62
12 15
69 63
72 33
13 38
44 5
30 37
48 14
59 29
29 5
51 52
55 9
67 73
18 2
19 57
46 61
8 69
42 41
15 13
3 40
29 65
57 50
69 70
62 5
41 37
40 5
73 40
44 56
71 24
57 48
58 6
51 6
58 50
39 58
72 74
68 32
75 50
57 38
18 51
61 36
55 17
34 58
68 63
35 42
60 19
26 38
2 65
67 52
46 10
55 74
34 38
69 74
64 39
18 71
16 3
35 71
40 47
35 44
42 70
7 73
60 6
24 1
55 26
60 56
43 51
27 45
46 5
10 48
62 13
1 59
28 5
72 3
33 38
39 19
11 63
24 40
71 66
29 61
64 32
49 13
43 61
11 55
46 39
66 17
39 56
26 21
51 25
8 28
39 42
64 12
21 32
20 38
65 45
19 24
39 31
40 2
55 37
4 24
16 7
19 2
8 15
8 36
72 57
51 37
35 24
71 41
11 22
53 70
68 28
67 74
51 42
31 66
27 60
58 36
11 73
34 53
34 24
67 1
40 6
64 69
16 45
75 34
37 36
34 15
48 13
10 56
30 50
48 70
47 61
3 59
53 49
30 47
7 22
27 69
18 72
11 9
75 70
75 15
71 53
46 34
48 45
54 29
4 25
71 40
54 38
40 38
68 38
42 5
74 2
8 65
40 17
4 58
11 48
21 17
68 74
49 61
39 29
42 62
11 31
54 15
19 33
18 4
67 8
9 16
11 24
44 38
4 23
51 36
34 13
69 39
63 40
53 47
8 26
61 38
75 24
26 14
3 47
55 59
64 6
69 12
1 36
24 56
67 22
26 45
72 7
42 30
18 17
58 14
57 13
44 63
35 25
21 5
73 58
27 63
28 61
46 18
19 66
46 74
52 17
7 38
52 32
47 45
44 7
64 42
42 52
20 61
54 58
52 2
75 66
16 49
3 49
15 47
55 34
10 24
74 37
57 42
52 36
31 32
72 37
43 24
43 16
11 50
75 33
13 17
3 17
19 47
11 65
33 13
54 66
4 36
55 53
25 40
71 45
55 33
46 41
41 22
1 65
51 60
9 65
51 29
74 41
9 61
59 53
73 48
10 61
64 50
20 42
60 22
49 50
71 65
26 50
18 32
27 62
40 62
23 45
20 63
54 17
68 14
9 13
68 27
68 15
72 5
51 3
12 45
67 48
64 8
75 69
51 23
9 52
44 31
39 62
32 22
67 20
15 17
43 32
71 16
24 17
53 17
7 23
67 41
33 45
30 38
68 45
34 48
55 70
10 11
44 69
9 53
68 43
4 70
7 59
57 59
43 8
55 13
7 62
27 42
67 21
11 25
55 56
43 1
29 13
12 70
75 20
16 72
2 50
65 38
34 50
39 47
3 5
43 64
10 2
60 2
59 47
35 29
64 63
55 8
19 25
69 28
69 42
31 1
16 61
50 38
3 32
75 29
44 28
12 66
51 4
68 62
65 5
54 49
68 75
68 22
51 74
12 33
53 41
35 59
49 70
32 14
34 47
71 49
2 5
72 20
40 36
20 62
9 33
64 56
46 8
35 37
4 57
27 34
18 14
64 40
21 38
35 6
10 26
7 2
72 73
64 65
69 22
17 37
29 53
11 33
55 57
12 37
73 29
71 60
11 21
57 32
8 45
9 23
17 45
72 36
54 75
1 49
63 36
30 49
54 68
69 14
27 28
55 45
72 56
31 37
67 10
18 58
34 30
57 17
9 60
21 50
19 58
12 14
54 43
75 57
75 31
14 23
66 36
65 14
8 7
43 11
56 32
4 32
74 66
44 37
60 31
35 21
43 7
18 29
26 7
18 11
21 29
51 71
46 19
14 36
6 14
9 3
26 62
13 14
19 56
20 28
10 50
64 21
3 36
28 14
10 34
32 65
3 74
75 21
11 26
25 58
32 66
31 14
7 37
4 73
5 23
15 45
51 9
27 3
39 13
58 66
8 42
52 40
33 29
21 22
19 38
40 61
27 64
42 13
68 7
35 39
34 5
54 13
46 38
18 13
10 70
34 70
15 5
44 23
19 49
9 40
72 34
9 1
15 50
29 32
55 5
60 38
26 58
19 59
44 19
9 28
20 23
43 70
67 53
39 59
59 70
27 47
40 22
51 13
39 73
11 4
7 58
68 1
18 23
53 14
21 60
20 70
40 49
39 25
54 31
1 73
15 29
4 22
26 30
19 74
68 73
43 21
29 36
23 36
68 3
42 56
68 69
44 3
64 24
57 12
2 41
57 2
64 16
68 53
75 25
8 50
34 32
46 52
70 36
58 70
31 59
72 6
3 2
11 37
21 45
66 70
42 14
10 15
11 60
67 31
33 74
49 45
43 38
35 3
47 70
39 63
49 37
35 73
68 66
72 58
34 2
25 36
75 64
18 55
19 17
15 53
75 27
9 50
68 65
30 32
16 36
10 74
67 7
33 41
12 53
31 12
58 13
62 53
55 69
64 23
28 17
28 63
19 1
58 30
10 23
18 21
30 36
11 13
55 19
40 45
8 57
19 70
4 45
12 5
3 25
75 30
52 15
9 12
71 70
8 71
72 53
71 6
57 7
68 47
26 41
75 73
19 62
54 2
59 41
42 50
18 75
60 30
52 58
33 23
58 74
60 14
19 23
30 66
8 34
35 12
44 57
30 2
67 63
51 39
43 41
48 17
40 23
27 37
34 61
19 12
9 62
51 24
16 5
55 21
46 65
67 29
26 42
18 27
60 17
67 72
18 45
35 30
55 47
2 22
47 5
20 3
69 66
75 19
4 3
12 56
9 49
44 40
43 62
10 32
75 13
7 56
58 22
63 13
73 59
71 37
4 41
60 33
26 57
67 69
25 47
75 38
43 34
67 11
4 29
16 17
64 28
39 33
54 73
43 19
16 50
39 17
19 28
33 32
44 73
57 6
18 3
75 39
26 65
54 33
28 25
69 32
18 63
26 60
24 45
1 22
74 50
64 71
57 58
16 42
59 22
34 56
56 14
44 65
26 47
27 21
58 37
3 41
43 15
31 53
59 25
18 26
26 32
41 38
19 5
51 56
34 63
27 72
8 62
29 45
59 40
25 74
39 65
34 29
10 16
74 36
63 32
39 57
35 11
71 20
35 36
44 50
35 8
44 72
60 73
75 1
1 23
52 70
24 33
15 70
22 70
42 36
27 30
9 30
58 33
73 33
43 47
6 49
53 65
18 9
18 30
28 66
5 61
29 22
10 22
6 17
57 49
39 28
31 33
44 4
26 53
46 71
4 26
35 52
69 37
46 48
62 47
71 48
60 34
52 47
20 17
54 53
10 75
46 9
34 41
75 59
56 74
64 73
35 23
51 49
21 56
27 14
73 2
9 70
72 40
30 45
15 6
67 44
10 25
15 65
19 22
33 17
6 23
43 52
50 5
18 48
28 13
39 36
63 30
25 61
10 73
44 66
72 49
18 7
2 36
35 31
54 3
25 14
29 37
67 57
75 62
60 66
31 42
69 53
7 48
31 56
11 8
43 23
54 56
73 62
68 58
31 28
31 6
25 49
2 17
68 16
51 1
20 36
54 32
5 36
54 44
46 56
50 61
46 6
54 71
69 34
47 32
69 71
59 65
16 21
33 48
68 10
33 65
51 20
18 74
74 23
73 13
51 2
58 17
59 48
11 23
25 38
9 73
19 3
69 3
9 47
12 41
20 53
59 50
75 3
69 50
44 32
7 66
21 2
20 15
63 2
60 36
25 30
17 5
25 65
54 37
16 59
46 73
48 50
4 69
35 20
34 66
35 4
64 37
34 45
18 64
15 25
9 26
51 64
46 24
11 52
35 67
71 62
71 13
24 49
31 41
29 23
11 66
56 6
52 45
68 2
53 23
32 23
71 29
51 21
46 7
51 55
3 63
60 65
43 5
56 45
26 73
42 25
2 13
11 59
34 73
35 13
44 22
59 6
28 41
12 62
64 74
67 55
54 74
73 70
44 62
11 45
73 30
75 51
68 13
67 17
52 29
35 48
73 74
41 5
72 30
19 65
1 56
15 33
67 13
19 7
43 30
68 44
51 73
27 56
14 38
43 59
4 2
68 49
66 23
16 32
52 59
35 45
39 38
52 23
69 26
27 1
20 30
1 61
11 74
42 33
64 33
73 45
71 63
24 47
4 42
20 41
42 6
62 22
26 52
73 66
20 59
57 41
57 20
52 37
15 58
18 50
33 22
44 17
6 5
28 74
46 22
51 62
54 20
10 71
43 71
21 48
52 63
60 52
26 15
60 53
16 33
59 63
24 3
56 47
19 50
75 2
75 16
18 56
2 70
60 3
18 59
24 5
21 36
16 25
1 13
18 70
67 64
60 49
33 53
67 24
35 58
55 62
30 41
26 28
62 36
30 48
64 48
7 47
16 62
6 74
54 27
27 53
27 13
9 37
54 64
51 45
57 65
4 37
72 14
30 14
25 23
58 5
51 50
63 5
57 73
62 45
64 38
52 6
35 33
51 33
27 55
73 32
74 61
55 20
12 61
35 2
8 13
46 12
18 67
10 72
60 20
10 62
67 50
24 28
19 34
3 22
4 34
42 1
46 51
59 33
20 7
35 63
49 36
52 22
31 61
39 12
46 29
15 22
75 71
73 49
20 47
30 22
2 38
54 59
39 5
35 1
32 45
18 34
66 50
4 56
35 74
23 37
1 17
22 14
42 49
16 14
26 6
75 74
35 17
28 23
7 12
72 52
55 32
26 59
46 45
49 17
44 58
10 4
48 37
35 14
17 70
1 33
31 47
30 62
19 73
51 41
62 37
18 22
7 25
52 13
10 60
28 62
6 33
3 48
67 3
30 13
3 6
21 42
60 12
7 5
43 50
54 5
52 56
58 56
10 1
10 29
35 70
47 14
42 12
55 16
35 50
52 48
21 49
16 2
19 20
58 53
29 66
34 25
68 9
11 53
55 48
71 12
63 49
8 41
60 39
4 9
18 1
59 45
46 42
27 73
55 58
18 31
44 48
56 70
39 70
72 61
42 53
75 41
12 49
20 1
28 58
63 23
25 62
27 23
35 53
8 9
68 11
71 34
2 23
27 52
9 41
54 16
67 9
72 39
11 15
44 34
54 48
43 33
31 7
3 14
1 12
25 70
56 49
73 5
16 66
35 22
40 13
21 47
46 16
11 36
1 40
67 34
16 28
42 45
59 66
46 55
34 49
24 13
2 61
71 58
7 40
10 31
24 30
72 50
16 15
27 26
11 40
47 2
63 50
50 45
34 6
55 23
43 29
39 48
18 49
47 23
28 32
62 70
4 21
67 40
68 39
62 38
8 33
31 23
12 50
52 41
39 6
9 59
7 50
73 28
21 23
64 26
30 61
44 1
7 28
55 72
44 14
18 20
53 50
10 9
16 57
56 66
13 41
63 38
65 22
19 41
28 53
75 58
58 49
71 1
72 31
24 62
73 61
54 35
72 15
1 47
59 38
1 25
21 6
39 1
62 23
60 42
43 3
5 38
51 22
52 66
42 65
35 28
63 33
30 17
34 59
21 14
14 37
43 63
24 25
27 19
6 36
4 72
44 74
1 70
4 66
55 41
59 17
56 50
27 24
8 29
8 70
4 38
8 74
51 61
66 14
58 41
69 19
54 52
1 74
60 1
20 66
35 40
60 23
11 72
46 36
15 14
57 45
44 30
6 66
57 34
17 61
35 5
58 65
44 21
67 15
8 38
60 61
39 32
57 53
10 49
75 7
4 19
1 66
26 20
31 70
41 61
43 6
16 70
39 41
20 65
75 23
51 7
10 3
46 58
18 53
57 33
55 14
69 58
25 33
54 12
33 66
27 6
64 22
68 31
1 50
16 30
15 61
47 49
48 36
59 23
73 14
46 33
28 50
20 22
68 29
51 63
27 29
6 2
35 60
30 23
16 20
25 66
10 33
8 23
24 61
16 1
53 61
43 58
15 49
53 32
69 13
55 30
51 26
18 60
68 25
31 29
46 59
31 45
41 45
74 32
9 31
8 25
71 5
65 61
46 53
64 30
10 30
18 38
9 24
54 42
52 53
28 37
75 6
10 40
15 23
33 62
52 65
3 29
59 56
8 30
7 74
9 38
21 73
6 32
49 22
48 38
10 39
42 73
53 45
15 32
10 13
47 13
21 3
10 37
29 62
55 28
64 31
68 59
74 65
31 50
59 32
75 4
60 70
68 40
3 37
72 2
8 73
63 22
10 7
55 73
46 69
8 17
62 32
42 7
75 61
43 40
39 22
63 6
21 15
21 37
54 47
21 24
62 2
75 5
7 33
7 65
64 14
20 14
46 47
19 52
32 38
46 27
25 2
43 17
12 38
72 25
46 13
65 50
4 20
30 29
65 17
48 41
43 49
44 70
29 41
48 2
8 66
46 4
75 49
42 61
31 25
24 41
55 3
25 22
31 15
27 40
8 31
1 30
52 28
39 20
33 36
4 28
40 53
6 50
16 12
1 41
4 13
22 50
69 25
56 23
67 33
64 1
27 38
12 36
75 32
21 63
30 70
73 36
20 33
64 19
54 19
31 34
75 17
54 55
40 48
71 17
72 62
19 48
17 23
35 64
54 10
43 65
44 8
35 75
4 12
26 1
71 19
3 70
43 75
48 65
24 48
59 37
11 7
32 41
26 61
44 47
68 24
67 23
4 15
51 38
10 36
68 37
73 23
4 39
21 61
44 36
30 53
60 48
16 13
65 36
45 37
52 49
60 50
69 45
27 8
9 6
69 5
16 31
69 49
27 50
26 66
60 13
26 22
44 27
21 20
54 22
68 17
18 8
47 22
58 47
29 47
68 12
18 15
10 19
39 30
9 39
13 5
55 49
11 41
68 8
55 39
19 15
47 41
46 26
71 23
39 74
10 55
67 49
18 52
16 73
10 41
29 49
33 61
8 5
26 37
27 5
16 34
51 48
3 50
46 31
67 65
18 6
5 70
68 36
26 34
8 14
43 31
4 5
11 32
71 2
57 56
57 52
60 62
54 4
72 32
1 53
10 12
39 3
42 58
68 26
69 20
60 7
44 6
64 72
51 19
59 61
11 3
56 37
1 62
35 10
43 53
8 12
69 33
32 37
72 45
35 66
3 13
55 36
73 25
11 58
17 38
69 56
68 51
31 62
46 30
21 66
67 56
50 37
19 37
34 40
69 73
57 62
10 42
27 61
44 51
10 65
58 48
58 23
69 24
35 56
64 2
15 36
39 15
35 43
58 61
39 45
27 33
64 70
44 39
56 17
11 1
24 63
57 70
27 17
21 28
31 58
16 22
74 48
28 65
46 25
55 42
51 59
27 32
52 33
54 57
16 53
71 32
22 36
18 40
51 70
10 20
63 74
11 38
11 19
18 47
9 2
10 66
10 51
15 2
7 61
7 15
33 37
21 72
9 57
27 7
55 63
75 40
29 2
26 3
69 31
29 14
43 10
20 24
46 35
69 2
35 57
34 1
69 62
11 20
27 39
26 48
18 66
55 61
6 29
44 60
54 23
48 23
69 65
9 48
24 2
1 28
43 42
42 29
60 5
28 12
21 62
46 66
16 47
9 32
55 52
75 8
51 53
43 36
19 30
60 32
34 28
62 14
12 29
46 72
16 19
18 5
31 38
11 56
28 29
4 47
26 33
7 30
20 58
3 33
28 33
8 2
42 24
64 60
17 22
44 52
8 47
26 17
10 63
43 14
26 25
55 15
51 28
51 66
24 29
46 50
72 42
69 41
10 69
69 16
40 70
56 5
24 58
64 25
34 22
49 38
58 2
52 74
62 50
24 22
43 2
34 33
44 2
67 14
46 40
11 5
9 29
31 63
64 3
34 12
33 50
71 59
3 12
39 24
68 71
7 3
72 59
72 28
66 38
6 41
18 69
35 65
51 16
8 37
27 15
29 38
64 15
27 59
54 11
18 28
75 42
20 5
35 49
26 72
22 37
57 37
11 61
33 14
64 36
20 13
19 45
75 60
64 17
2 37
72 70
21 1
16 41
54 30
3 53
68 42
4 65
11 47
26 36
9 19
21 41
54 25
40 50
15 37
55 22
68 52
64 5
58 29
11 30
4 31
6 62
74 49
69 72
59 5
51 40
63 65
59 58
1 15
67 66
3 66
1 32
54 61
24 23
55 12
26 70
54 18
30 33
39 2
58 45
31 36
64 34
27 66
56 62
22 61
59 49
51 31
71 25
53 36
1 5
9 58
6 37
43 26
46 44
27 70
21 52
43 67
68 5
6 22
54 7
20 6
2 66
30 65
12 22
54 50
51 14
31 3
18 12
7 53
64 61
60 25
69 48
7 6
12 40
50 36
8 60
46 32
67 70
66 61
66 37
9 20
52 3
55 65
16 52
43 56
62 49
18 24
71 74
7 63
53 2
1 45
63 47
57 30
49 65
26 49
58 32
18 61
67 58
16 56
8 32
25 48
20 45
67 36
4 40
32 17
25 50
66 13
66 45
43 55
12 47
31 30
21 25
57 36
53 38
12 6
71 36
44 20
19 42
34 62
57 47
35 16
12 32
75 72
4 59
26 63
73 63
67 30
21 7
9 34
34 74
33 70
18 57
48 22
68 57
39 50
19 13
8 61
12 30
8 58
7 45
46 64
44 71
51 15
57 15
46 75
49 23
69 61
69 21
13 23
43 60
13 45
6 61
54 24
43 45
24 6
27 36
8 24
42 38
31 73
54 70
43 48
34 37
11 64
75 14
69 38
3 58
75 53
11 6
15 48
32 50
68 60
24 36
64 57
68 48
68 21
47 37
66 22
73 41
35 51
10 17
34 14
10 45
9 22
34 17
8 53
9 42
10 5
54 21
11 49
68 70
44 29
65 41
73 22
48 61
8 72
43 20
7 70
34 36
4 53
26 56
42 32
51 65
34 23
46 14
43 4
24 70
52 38
8 63
47 50
60 37
44 42
54 40
56 13
31 24
24 38
42 59
39 52
20 73
33 5
35 61
60 28
46 37
20 12
73 37
57 66
9 14
2 45
42 28
35 26
21 34
60 45
28 70
35 32
75 55
60 24
26 13
16 74
60 58
24 37
42 37
75 63
4 30
54 8
54 63
11 57
8 20
1 14
69 59
68 4
24 52
69 60
53 66
40 74
43 28
35 72
46 15
17 14
25 5
11 69
8 21
67 26
3 61
51 17
73 53
15 66
19 63
40 33
71 47
54 6
63 56
10 53
18 16
43 37
10 64
42 66
64 13
50 23
74 17
53 48
35 7
54 36
62 17
27 57
54 65
16 6
11 71
31 65
44 26
56 29
28 30
40 66
53 13
58 38
67 42
75 65
44 25
67 59
18 39
49 32
18 37
46 11
63 62
7 17
26 12
19 6
4 63
24 50
12 13
59 62
4 1
1 6
9 72
12 58
68 20
4 14
54 62
49 5
7 36
58 62
74 22
72 65
28 47
67 12
28 56
68 56
67 2
65 37
9 63
34 52
68 61
4 74
45 36
15 74
6 48
67 16
59 13
55 7
4 52
14 45
75 26
53 5
26 19
55 6
64 58
25 13
64 45
51 58
9 5
57 5
11 16
52 14
8 6
75 36
71 3
15 56
46 1
1 58
4 17
27 58
42 74
42 40
52 62
39 14
10 57
56 53
35 41
60 57
31 74
55 38
64 49
8 16
6 45
16 24
63 14
9 45
29 48
24 59
10 14
8 40
44 12
60 47
67 60
21 70
19 61
67 51
29 70
35 38
24 74
73 38
74 45
51 34
40 37
4 62
72 66
27 74
69 23
63 70
66 41
54 1
73 6
43 12
71 57
49 14
43 44
63 53
71 28
11 70
4 33
44 15
74 14
71 22
26 40
68 41
64 47
54 69
31 13
59 30
71 52
72 29
27 22
63 61
62 66
20 48
54 51
20 29
68 19
46 3
73 65
74 13
44 49
4 48
18 41
72 48
60 74
10 6
20 32
55 29
34 3
8 56
46 2
45 38
68 72
21 12
14 70
28 49
67 25
75 12
52 5
54 60
54 45
72 12
28 38
39 23
22 38
25 37
27 65
44 16
47 66
47 65
67 32
19 53
56 48
56 41
69 1
28 48
1 48
52 30
24 53
6 65
74 5
71 15
10 38
46 21
72 41
56 22
51 5
57 14
63 37
68 33
26 23
7 32
56 65
60 41
31 17
46 70
63 66
28 36
55 66
16 58
57 1
10 8
20 49
12 74
27 31
65 70
7 13
72 24
3 23
54 67
29 17
72 47
24 65
32 5
12 2
69 52
19 29
43 9
52 73
6 70
28 22
30 5
12 17
9 17
42 17
55 25
9 15
72 63
8 19
67 45
11 42
21 40
10 58
59 36
75 28
75 47
6 38
57 63
13 70
35 34
67 47
12 23
11 39
8 48
51 32
11 14
75 45
10 28
44 64
11 28
67 27
75 56
24 12
3 38
71 61
1 37
18 19
35 9
26 24
44 59
24 73
27 9
11 62
27 71
52 50
13 61
55 1
57 28
21 58
47 38
67 6
11 29
72 17
42 22
9 56
9 7
50 70
8 49
62 41
11 17
55 2
6 13
13 36
43 73
57 24
43 39
18 62
67 28
43 13
