43 349
2 1
2 7
42 40
41 40
18 36
26 14
16 3
18 35
5 23
33 19
9 31
38 37
35 37
10 35
36 6
28 27
15 38
8 35
9 28
27 22
9 18
18 39
39 38
30 1
18 24
35 28
40 9
3 7
10 21
14 41
29 42
42 2
31 7
13 28
17 9
41 42
5 16
6 7
31 12
15 36
17 16
16 1
30 13
30 37
29 18
13 35
33 42
32 14
32 23
13 18
6 20
43 16
4 34
31 28
13 25
29 37
9 2
9 7
10 43
38 28
16 32
37 4
33 39
16 21
8 37
12 25
8 3
21 1
9 13
8 36
10 4
35 22
3 35
38 6
23 26
23 29
7 34
8 43
21 26
26 37
8 25
10 14
26 30
4 22
27 24
5 21
15 33
6 19
33 6
15 17
13 7
19 27
32 24
9 6
28 34
39 2
25 2
20 1
5 26
37 1
9 3
2 35
32 33
38 11
40 25
11 4
19 11
33 13
3 2
38 1
28 11
25 35
5 28
30 42
39 25
36 27
10 26
40 11
8 7
32 21
36 3
15 21
12 20
3 38
19 35
18 19
39 6
43 41
9 34
7 24
36 37
42 18
30 18
17 18
17 29
8 38
19 31
14 9
32 6
8 21
13 39
38 24
20 34
42 39
13 38
35 4
10 24
17 39
23 20
29 11
14 30
34 22
25 28
15 6
17 37
22 1
8 29
42 11
25 20
43 14
8 16
14 4
10 16
30 4
3 34
42 36
18 7
17 43
43 6
19 2
11 24
35 24
33 25
12 34
15 22
15 43
18 12
14 11
30 41
32 41
36 22
41 25
32 9
41 29
42 22
26 13
10 11
42 34
17 13
40 12
14 35
36 34
42 19
36 12
43 28
19 22
13 37
23 1
25 24
9 19
39 35
25 27
17 31
43 30
43 36
36 7
20 7
16 11
30 2
12 7
29 34
26 34
14 33
41 28
21 29
25 34
23 19
9 25
23 6
5 29
40 20
5 1
33 20
42 4
5 10
23 35
21 4
1 24
3 37
10 32
39 12
33 36
32 22
28 22
14 25
15 14
40 3
17 28
26 41
11 34
2 20
29 19
38 2
41 34
33 7
15 4
23 27
11 20
21 24
36 31
8 20
5 30
13 4
17 33
32 39
14 12
14 42
43 22
26 24
9 37
30 12
3 4
9 11
15 24
23 28
21 37
23 12
29 24
10 7
32 27
39 22
31 25
38 27
41 20
26 33
10 41
29 25
26 27
3 1
26 42
5 36
41 31
23 11
18 37
36 24
11 37
21 2
34 27
16 41
30 20
36 20
15 40
43 7
10 8
19 25
9 12
3 6
23 9
5 4
15 25
41 36
29 35
13 36
32 36
16 13
16 9
26 19
33 28
43 42
8 12
40 36
26 12
23 22
43 20
40 24
37 7
23 36
16 27
13 22
32 28
17 25
10 25
19 24
19 28
13 2
5 38
3 20
16 28
43 34
12 1
5 7
42 1
37 27
38 34
36 28
16 30
40 35
10 40
32 1
35 11
33 40
8 23
17 1
10 34
32 2
38 31
5 31
10 12
33 29
