49 601
45 33
47 9
4 9
41 25
18 31
35 40
9 23
10 35
47 5
36 30
4 17
28 1
8 42
35 9
8 38
18 26
37 24
49 15
9 46
38 18
32 46
43 41
38 30
5 32
45 43
5 7
3 2
44 9
37 31
28 23
47 18
27 25
16 39
25 5
5 17
23 3
40 17
5 36
19 33
43 27
4 16
5 46
19 27
10 28
18 5
6 43
23 45
30 39
21 45
2 13
37 23
20 9
17 49
15 36
31 32
26 28
38 12
27 7
14 25
15 12
28 17
1 2
4 2
13 33
42 11
43 29
17 3
44 10
20 28
38 5
5 2
24 43
31 46
12 39
11 12
17 30
24 39
16 5
30 12
24 47
47 27
28 40
33 7
43 15
10 16
16 18
44 25
8 39
27 33
14 47
14 34
44 31
46 1
9 25
45 22
7 30
24 3
22 6
37 28
47 7
34 13
16 25
40 33
11 48
4 48
49 1
28 13
40 36
22 46
23 22
9 18
29 3
6 1
1 7
9 3
36 29
38 22
1 3
26 29
8 7
21 10
25 1
18 11
24 31
49 2
14 5
24 42
44 46
25 49
23 2
24 33
14 31
31 28
32 30
34 48
32 40
18 22
35 37
16 47
19 18
14 33
4 32
28 49
6 15
24 13
1 34
4 18
24 34
31 34
38 48
42 31
10 25
41 11
10 29
20 27
16 11
48 13
5 40
22 39
8 48
36 33
20 10
6 36
9 42
10 40
16 36
13 7
44 43
31 15
22 33
5 13
35 1
9 15
6 11
42 6
22 49
45 41
11 39
25 32
8 17
22 29
26 39
9 34
4 15
23 32
42 23
38 7
18 42
27 13
10 24
8 12
41 27
1 11
24 5
19 36
47 39
26 42
16 22
35 24
3 12
37 18
37 6
24 22
16 13
35 17
19 26
20 14
22 41
19 3
47 46
37 16
43 49
5 29
35 7
28 32
21 23
22 12
38 9
15 48
17 48
21 36
19 32
20 25
35 28
47 25
42 34
14 41
25 30
21 9
9 19
22 36
21 16
9 13
21 25
49 46
26 36
24 16
35 25
8 44
8 21
26 2
43 32
43 2
26 3
48 33
37 2
41 34
44 12
46 15
4 12
35 39
15 1
19 42
4 24
44 1
45 25
19 31
15 11
2 12
4 44
9 48
22 5
8 16
5 30
38 20
4 33
8 43
6 33
20 47
28 2
41 40
9 41
35 5
27 5
38 43
26 6
10 30
46 36
31 49
8 15
37 32
42 5
24 9
37 42
27 48
3 30
38 16
26 17
9 36
34 33
38 4
9 28
24 12
21 38
37 46
37 27
38 32
19 45
47 49
16 41
24 6
14 19
47 29
36 13
31 36
22 40
21 13
8 33
16 32
5 49
35 13
5 15
5 12
46 2
37 48
24 30
26 48
19 30
35 12
22 43
32 36
35 43
6 27
19 34
4 34
31 3
22 32
44 32
6 39
41 3
16 45
37 34
10 49
4 6
40 48
14 3
31 5
26 34
28 45
4 35
8 35
43 39
14 11
47 32
20 40
4 7
43 40
19 1
9 7
11 2
31 33
32 1
25 13
28 33
31 1
10 1
31 41
38 24
21 3
47 43
10 46
47 12
8 22
14 4
45 2
23 34
26 13
18 34
24 2
35 31
36 2
44 3
31 45
8 41
24 29
4 25
47 26
8 18
4 10
42 22
43 11
37 30
32 7
31 12
21 34
25 46
1 13
16 34
40 2
8 19
25 36
10 27
26 1
21 18
42 17
23 7
42 28
10 47
47 45
17 13
43 13
42 41
37 12
24 7
6 12
17 29
28 48
49 11
45 15
41 15
11 3
9 26
14 6
31 13
9 33
28 12
33 30
8 20
41 13
15 33
21 6
44 40
21 22
21 2
45 13
24 40
18 32
10 39
4 42
43 36
38 23
16 2
10 42
15 39
47 41
20 49
1 29
44 35
14 27
6 34
8 34
27 32
21 28
47 22
26 22
17 2
16 28
23 12
8 10
43 48
40 15
20 2
18 13
43 1
19 25
26 25
5 11
17 39
44 15
16 26
10 19
18 40
22 17
23 30
21 17
4 27
5 3
17 1
45 48
16 19
19 46
47 33
8 46
48 3
14 39
32 13
14 23
47 13
29 33
27 3
41 1
18 3
11 29
42 48
20 5
28 25
8 32
20 22
38 45
9 5
10 17
46 12
42 49
38 42
46 33
36 3
6 13
36 34
8 2
16 9
37 40
22 1
42 7
49 13
40 30
48 39
10 23
42 27
37 47
6 5
4 49
16 12
26 43
38 36
1 39
15 13
17 15
16 3
46 29
42 29
37 29
45 3
20 33
21 26
44 17
38 6
31 25
21 11
27 11
26 11
19 15
23 17
31 2
8 9
24 27
19 7
42 3
9 39
28 36
18 1
29 39
11 30
20 36
44 34
18 45
19 6
4 23
22 7
44 42
43 12
19 23
41 39
45 6
10 45
36 1
47 31
20 37
9 1
37 26
20 30
26 32
23 27
38 26
8 23
47 23
49 3
28 11
40 39
6 40
38 11
4 41
10 5
19 13
8 47
31 40
16 46
29 2
24 1
46 34
45 36
1 48
13 30
35 46
4 39
21 31
35 26
32 29
36 7
40 13
10 34
4 31
6 17
46 39
16 23
25 34
26 7
41 29
26 27
17 11
47 48
24 26
