69 936
54 44
59 45
36 67
69 68
67 61
53 36
58 26
49 35
2 7
14 26
46 43
36 7
44 55
41 39
60 15
63 10
16 1
7 63
67 6
21 11
9 66
59 18
44 56
25 63
60 52
15 48
59 12
9 57
15 49
68 59
51 50
39 27
61 13
3 65
56 25
23 4
49 45
39 63
4 21
46 60
49 50
26 35
53 7
25 46
39 47
63 61
35 31
68 63
58 42
39 66
6 45
55 56
10 5
37 25
9 21
62 47
45 34
34 43
48 2
22 63
37 23
45 7
42 12
63 50
15 4
22 6
40 46
60 62
8 23
62 42
42 2
41 6
67 63
65 46
58 63
19 40
35 12
48 23
30 15
3 4
61 38
10 27
68 67
27 4
53 69
7 28
17 21
3 21
53 13
46 45
46 26
22 37
41 30
31 33
60 68
37 17
57 32
57 52
14 48
29 48
65 42
17 39
54 51
63 32
19 31
55 40
66 55
51 27
65 60
15 59
24 8
6 47
44 38
23 1
3 2
16 38
29 64
23 61
31 23
58 34
16 5
52 53
48 20
48 52
49 33
10 24
18 5
18 33
8 50
58 5
19 9
30 20
60 6
48 47
19 2
63 24
67 26
56 65
51 38
36 27
60 57
56 11
64 10
29 12
64 51
19 47
5 24
64 13
60 20
14 5
39 56
31 32
43 63
30 45
4 12
58 54
49 29
22 50
37 43
33 42
51 20
19 52
34 12
32 47
58 17
44 15
34 8
55 35
41 60
56 15
57 13
40 12
64 53
41 47
36 6
67 59
54 25
62 36
20 35
60 18
30 35
43 42
17 41
6 33
54 37
56 52
64 27
17 63
65 28
60 69
68 34
65 67
6 61
68 24
65 64
62 68
9 23
32 16
35 38
12 11
56 47
49 32
68 16
41 33
17 44
57 64
26 5
23 21
50 13
14 24
22 42
53 34
55 14
2 5
42 1
57 35
57 21
58 56
40 24
9 30
39 16
48 18
20 31
27 8
3 10
9 7
25 5
15 33
41 28
51 43
25 2
45 51
22 36
40 14
69 45
44 66
26 13
43 10
58 36
67 34
44 20
54 56
66 38
19 48
19 20
3 68
54 10
9 2
57 31
61 11
33 24
31 43
25 13
66 60
54 35
45 16
9 65
62 8
6 4
65 32
25 36
52 68
41 10
20 16
17 50
56 29
65 24
62 18
39 57
3 30
6 8
16 11
26 4
15 62
56 36
54 53
35 43
60 53
47 12
15 7
54 18
9 16
56 30
67 5
3 7
15 50
41 42
44 34
39 44
40 20
39 19
41 43
51 47
62 49
50 21
2 11
22 15
25 60
44 11
17 15
66 1
44 28
55 10
58 3
55 15
58 47
40 63
56 33
49 47
3 19
45 13
27 50
9 59
15 51
25 1
46 8
60 47
14 10
6 10
69 18
7 50
60 29
40 16
18 13
39 12
65 25
29 36
25 20
57 62
10 11
17 35
40 27
26 43
64 6
6 2
3 23
58 57
48 5
66 63
19 38
32 50
3 9
5 12
39 32
63 21
41 27
30 6
16 47
3 43
64 36
64 4
57 47
28 38
51 63
29 21
63 8
39 48
54 63
22 16
58 53
39 13
58 25
58 35
42 8
68 21
3 41
66 65
17 45
39 60
46 1
9 53
67 28
62 43
26 8
15 14
59 47
28 10
66 64
30 40
64 23
12 38
40 47
32 8
48 38
53 61
19 15
40 45
53 51
15 69
25 14
17 4
44 19
69 43
52 35
22 11
24 50
45 31
65 49
50 47
28 47
6 32
10 12
3 52
39 6
17 47
37 40
30 62
20 11
59 26
53 50
29 16
53 23
27 13
41 61
22 14
56 12
54 29
44 42
8 1
54 41
29 59
54 4
20 24
9 26
63 23
42 4
26 63
68 2
37 20
3 39
67 10
29 28
56 28
6 28
45 43
10 32
41 65
65 40
57 38
18 45
9 43
22 33
25 62
49 2
2 50
66 32
19 24
64 52
25 51
69 4
57 67
65 30
29 42
19 49
3 37
9 20
14 45
39 45
17 64
57 28
18 21
37 48
15 29
54 38
44 62
43 50
42 23
28 23
9 64
30 31
50 61
40 29
44 49
37 51
51 34
14 51
7 23
69 16
57 42
44 10
69 67
47 11
6 1
53 1
16 8
58 33
3 13
62 2
60 33
60 8
19 65
65 18
9 25
55 42
46 28
10 16
60 27
39 46
53 18
57 63
40 26
9 45
56 48
14 49
28 24
69 24
41 12
26 27
5 61
46 14
58 64
48 8
3 15
66 36
65 10
40 34
31 50
2 16
41 13
35 50
59 4
19 26
69 1
3 64
51 8
2 21
53 47
41 1
63 38
58 59
44 57
52 2
62 48
25 6
49 43
15 68
44 65
57 53
26 33
39 65
55 61
15 42
22 2
40 1
64 28
36 4
19 18
46 36
40 32
27 47
52 12
69 2
37 47
29 7
41 68
56 32
14 6
65 52
52 42
55 31
49 16
46 15
37 50
45 28
5 4
69 12
46 12
5 47
7 10
7 4
54 14
36 13
55 43
20 32
22 32
37 38
66 27
18 10
32 12
37 12
15 1
65 38
30 49
21 13
55 20
41 36
34 11
56 21
41 4
57 51
53 63
20 63
66 24
58 41
56 67
54 33
54 2
3 46
40 33
55 53
58 8
19 43
56 5
59 7
9 52
56 45
10 21
49 51
17 32
22 53
24 21
48 4
9 60
15 63
39 51
56 60
24 13
52 47
6 63
39 23
43 32
66 43
42 13
50 4
45 33
67 45
20 1
69 31
69 28
44 60
22 7
32 11
52 1
6 13
17 12
53 12
55 51
40 67
17 8
22 18
4 1
22 58
4 38
22 46
9 68
34 1
17 24
51 2
14 43
65 14
29 24
35 8
41 34
15 12
54 5
52 67
57 45
44 63
56 13
7 1
37 52
34 2
22 45
14 1
4 47
25 53
60 11
61 12
52 7
56 46
37 19
53 4
57 26
35 16
6 16
56 69
57 68
49 64
39 35
44 51
17 49
55 50
66 4
3 31
34 13
34 63
14 50
49 28
25 7
65 12
49 1
53 68
29 47
67 43
20 21
19 4
43 11
52 20
62 27
38 21
14 34
66 68
15 35
57 59
34 47
11 13
56 68
64 33
39 10
69 5
54 68
8 4
20 4
20 47
64 26
2 38
23 11
22 56
69 32
41 59
58 60
41 20
22 28
64 50
42 63
26 23
26 24
44 2
55 26
18 35
59 10
19 66
61 47
46 33
44 33
69 10
6 27
25 33
60 14
54 13
26 16
32 21
69 21
48 21
25 68
64 45
58 6
17 2
44 26
9 29
41 2
65 51
5 23
41 9
27 11
66 53
60 5
57 27
46 38
28 50
68 45
39 28
55 13
32 4
17 62
20 8
64 31
54 16
9 8
55 11
15 20
5 38
46 61
8 12
34 61
15 47
55 27
60 38
54 3
36 50
30 2
45 21
16 50
62 50
58 28
15 27
47 21
48 50
44 29
19 32
3 20
52 43
55 16
19 59
55 38
27 1
65 43
7 13
3 29
67 8
17 57
15 43
48 67
30 12
14 32
37 15
52 51
62 59
15 61
65 23
54 64
66 25
14 63
17 13
31 7
64 1
19 51
18 42
45 38
33 7
37 30
30 7
58 2
40 68
44 7
5 11
14 29
57 34
37 11
53 28
51 5
48 12
54 7
19 68
39 36
26 45
40 52
17 42
43 1
7 21
37 2
58 31
39 59
64 68
54 24
66 51
9 62
29 11
50 11
64 48
44 14
69 47
32 13
22 69
60 28
59 61
9 67
64 21
23 13
42 16
48 68
40 28
33 63
22 54
60 61
25 29
64 20
54 59
41 19
58 4
69 13
68 11
54 49
22 30
65 15
35 23
35 27
31 2
22 3
39 64
19 60
62 6
43 16
63 28
14 35
46 4
60 50
14 42
37 45
37 65
25 21
17 7
36 2
5 27
39 5
37 29
9 56
41 5
26 34
56 34
14 67
52 33
31 42
49 5
46 13
14 57
34 7
62 4
40 8
46 68
22 57
2 61
15 67
67 32
14 64
17 19
14 33
42 24
37 35
69 38
15 2
30 48
40 31
46 6
34 4
15 57
15 18
56 18
44 16
52 21
52 27
69 50
37 41
24 12
62 32
34 28
