87 982
3 61
32 79
28 17
75 78
6 9
46 76
46 17
53 21
85 40
48 65
12 21
15 36
76 17
86 1
73 80
48 52
54 73
2 25
65 10
26 87
36 83
84 27
62 56
21 62
8 72
79 66
73 16
32 17
20 76
49 61
64 27
82 44
76 54
28 87
6 43
79 19
29 31
56 14
48 66
87 24
48 3
7 62
4 45
53 10
25 51
2 6
22 41
22 4
55 2
35 14
9 80
6 49
79 47
74 56
75 76
85 57
41 58
25 40
70 87
55 77
3 30
5 68
31 84
81 17
53 27
23 38
87 57
5 64
78 51
85 52
77 11
1 27
4 27
85 16
28 80
77 76
55 48
60 53
26 84
67 62
74 85
51 58
24 67
67 7
18 74
74 12
28 24
71 70
37 32
51 57
67 81
76 18
58 32
83 22
17 44
62 9
31 4
37 20
2 11
48 45
47 54
21 23
74 24
26 35
87 73
23 64
28 68
29 53
76 70
35 40
84 10
35 25
68 66
35 87
52 27
67 79
52 87
8 24
23 36
78 65
69 26
67 15
17 80
58 47
27 72
8 22
71 10
48 11
45 64
63 4
19 45
35 10
80 40
80 27
29 69
2 45
53 69
37 39
50 60
28 38
63 2
36 56
8 58
22 38
20 5
3 47
3 35
36 65
49 77
83 79
26 28
76 22
17 30
10 44
87 54
50 35
50 77
42 44
2 30
3 5
31 74
28 2
75 47
28 5
50 10
61 62
28 43
58 44
58 82
75 84
19 84
43 32
20 2
83 43
2 32
65 83
81 58
52 9
62 59
77 66
16 5
53 7
35 36
32 86
59 82
60 66
25 6
21 56
57 4
25 72
51 15
7 61
31 86
37 78
35 78
48 42
78 10
87 42
69 54
67 57
50 36
76 5
34 19
81 57
39 14
23 34
71 16
56 44
30 13
78 80
43 33
72 14
56 11
23 71
39 24
48 4
35 86
70 22
29 55
24 1
61 59
7 65
82 79
43 56
50 16
18 9
36 54
20 86
53 1
60 71
75 70
24 78
53 17
48 27
60 12
2 47
28 79
75 18
81 40
61 68
62 30
21 67
8 79
15 44
42 24
80 1
37 75
62 34
3 17
85 19
70 5
58 13
24 13
48 64
50 65
15 54
85 9
51 66
75 71
36 86
4 10
8 67
86 62
73 66
86 73
20 66
48 33
18 30
11 73
20 56
6 58
61 45
65 43
17 54
55 60
65 79
62 40
65 80
29 59
18 72
50 85
52 54
9 79
59 17
50 79
20 48
4 80
75 55
29 33
8 14
3 60
87 64
26 19
10 1
39 76
65 14
43 10
48 57
10 45
35 85
69 13
24 30
52 36
58 64
6 67
29 87
24 73
29 34
48 17
8 40
12 42
24 40
46 79
24 51
69 21
60 11
83 81
83 68
25 47
46 36
79 27
42 86
76 84
48 28
4 47
19 38
28 13
55 42
77 51
8 76
46 30
46 34
15 68
71 11
49 79
65 82
77 5
38 72
32 4
34 44
53 45
60 56
18 7
22 82
53 39
25 58
60 15
23 15
3 32
76 66
24 84
85 47
2 54
60 32
71 81
77 83
18 45
74 9
3 71
6 57
53 65
49 51
50 17
51 22
69 38
75 65
49 18
35 17
67 73
30 79
2 87
17 56
8 84
19 57
22 9
36 62
18 56
57 33
18 83
43 81
39 45
22 44
50 12
41 66
31 64
23 24
21 78
86 68
2 78
26 16
10 38
62 4
47 80
48 22
20 6
63 7
55 44
42 32
42 80
50 67
85 44
2 72
46 3
20 39
55 61
49 54
31 81
72 68
55 15
60 7
49 12
32 66
49 74
26 81
77 41
8 17
42 19
86 10
8 54
55 83
39 49
40 27
9 40
83 57
82 66
2 42
26 23
45 1
24 80
74 51
29 70
85 11
51 73
82 19
20 60
82 54
47 84
41 57
5 13
78 11
10 80
57 72
12 79
24 59
4 68
25 45
71 45
81 47
76 72
59 73
3 80
46 38
47 13
48 31
18 81
67 11
30 38
51 54
57 68
71 84
86 30
2 34
62 82
69 30
84 5
85 5
70 68
3 54
52 1
2 70
59 11
48 87
71 51
25 49
79 38
53 85
67 84
45 44
69 86
7 81
83 72
39 74
69 33
53 8
4 38
86 57
86 80
75 46
9 27
28 54
62 1
54 66
69 35
81 62
21 36
41 72
70 85
30 9
78 73
8 26
46 72
45 72
23 11
46 82
64 80
46 5
81 79
38 40
17 9
21 24
26 71
7 51
75 48
55 46
41 43
4 13
39 80
6 45
69 62
60 54
18 87
26 41
6 41
20 18
74 21
29 44
35 5
31 70
33 84
84 11
74 64
77 1
71 54
72 44
23 82
31 73
50 15
39 1
10 73
34 47
60 2
26 72
56 66
31 15
58 16
87 67
71 41
12 14
20 80
7 84
77 64
36 66
31 43
53 81
18 15
71 58
8 34
62 47
1 14
85 61
58 17
43 64
28 74
46 52
61 58
55 82
21 32
59 33
75 81
10 27
63 86
48 81
22 27
7 43
61 64
69 1
69 18
36 58
67 83
7 72
58 45
46 39
82 80
50 86
7 1
52 84
70 72
3 10
53 31
25 71
85 32
73 1
20 50
18 71
55 85
2 49
39 57
32 56
35 15
46 22
85 17
77 24
17 4
6 87
23 86
18 41
29 38
14 13
53 9
69 43
67 44
87 66
60 36
55 65
21 16
51 16
3 12
60 10
53 34
61 82
81 86
25 1
76 40
61 72
2 17
50 55
25 85
30 10
69 80
81 80
11 40
24 82
26 18
26 33
69 72
46 63
37 81
76 79
29 52
47 5
26 44
29 39
42 73
87 16
29 75
59 80
5 40
30 68
46 67
80 66
37 53
31 35
37 61
76 71
69 66
50 24
42 57
49 11
55 10
3 25
28 83
46 71
78 72
58 72
77 33
79 72
75 38
84 73
74 33
63 3
74 32
85 58
31 72
33 73
63 36
70 36
36 40
18 23
57 40
63 65
30 66
69 51
50 28
50 82
39 86
45 68
42 61
21 15
10 56
24 56
84 13
63 51
70 11
54 11
49 1
77 32
37 19
10 16
59 4
58 84
12 66
7 54
12 61
53 30
77 62
30 64
16 1
20 63
7 10
71 86
28 72
58 14
5 27
3 26
31 25
17 10
59 30
26 13
20 31
23 27
78 41
65 40
61 4
37 2
85 86
67 68
12 11
54 40
8 36
31 51
40 13
29 43
45 27
6 1
79 33
31 68
60 52
50 39
78 68
25 65
12 44
51 41
36 45
38 5
58 33
54 10
70 33
9 64
58 56
69 57
41 16
57 13
12 27
62 13
77 61
63 40
26 21
39 28
28 57
12 85
48 12
49 9
22 68
26 39
35 84
24 44
48 86
46 8
48 13
57 66
21 30
77 9
65 84
84 40
8 56
76 83
12 19
12 70
16 72
49 62
43 47
18 4
64 14
81 34
40 1
9 82
70 42
3 43
69 10
46 10
29 6
60 9
69 36
8 4
28 22
84 14
22 10
11 44
51 47
53 54
24 81
68 44
39 40
83 41
84 72
74 81
35 24
50 2
53 13
60 61
63 5
31 52
28 25
18 36
37 11
67 13
53 67
8 27
48 69
50 5
51 10
54 68
26 85
8 39
71 5
8 6
49 44
15 58
30 1
23 54
39 21
71 83
35 30
21 81
48 62
81 54
18 58
74 84
6 85
23 30
43 17
83 40
46 85
71 56
24 65
5 44
49 73
78 84
12 33
15 66
77 47
74 36
15 65
2 41
20 53
6 62
56 40
28 59
26 2
18 47
49 85
52 79
70 10
23 61
86 27
87 7
39 15
6 86
24 83
63 76
39 65
26 80
71 59
78 38
24 64
77 43
20 34
35 22
43 79
19 68
59 79
41 5
40 72
21 73
23 59
23 9
18 67
35 44
73 68
3 82
42 5
62 38
32 9
68 14
59 5
67 78
63 68
67 38
78 44
42 84
33 13
60 87
37 30
21 1
2 51
35 68
15 57
81 45
63 72
76 15
26 49
25 57
63 60
37 49
11 5
81 27
51 4
57 54
39 25
46 62
87 5
65 68
83 58
49 58
35 18
49 5
49 56
69 77
11 66
20 61
39 54
36 10
25 18
56 72
46 6
84 56
36 57
63 71
75 11
37 73
64 1
16 13
31 87
76 78
41 1
87 17
36 38
51 45
39 79
67 65
32 54
85 68
78 15
52 30
71 14
50 46
32 68
30 19
23 44
61 15
26 31
69 32
70 61
60 34
2 84
7 16
32 33
53 43
50 29
29 32
55 23
12 17
76 14
59 16
52 13
28 41
28 47
52 34
50 42
49 83
79 16
81 64
