33 238
2 19
20 17
25 26
14 10
23 4
12 3
18 6
10 24
26 5
1 16
12 30
30 28
29 26
23 24
16 8
15 13
28 6
23 15
11 12
24 26
8 31
6 15
3 30
28 5
23 6
9 7
3 31
5 33
25 24
31 14
4 17
22 7
32 21
1 23
9 25
7 4
7 13
14 4
9 18
14 23
10 15
27 12
30 14
8 15
22 12
32 17
33 7
2 13
16 19
28 26
3 18
31 20
32 9
20 18
6 25
23 20
9 26
21 26
2 29
1 30
32 25
6 10
11 4
32 1
21 23
21 2
3 20
23 19
3 8
27 14
21 18
3 25
15 7
30 16
18 2
29 17
16 23
29 5
16 20
10 5
22 29
3 23
21 30
10 13
11 18
20 4
28 18
19 5
27 13
3 5
11 8
32 10
3 32
13 4
8 24
11 3
6 7
12 14
14 19
21 8
30 5
29 6
2 15
22 20
29 33
30 24
9 10
26 7
21 5
8 18
25 15
3 9
25 13
22 4
30 8
24 15
12 1
27 2
28 23
20 13
29 15
24 4
12 31
12 18
3 28
10 33
18 15
19 13
19 25
21 31
32 16
21 33
33 4
31 18
8 4
9 14
27 9
15 4
1 7
9 28
3 14
19 6
31 4
32 19
18 10
21 28
12 20
27 5
30 33
11 5
22 15
27 18
19 7
19 4
19 33
11 16
33 17
2 7
24 17
14 26
22 17
32 24
14 2
25 33
20 19
8 10
3 15
30 6
12 24
12 9
26 33
9 31
11 6
22 5
11 1
12 6
14 25
27 16
12 15
18 7
22 23
22 30
26 13
29 19
21 13
31 24
16 29
23 5
30 13
10 25
8 28
2 26
28 14
30 15
1 25
28 25
1 33
9 20
14 24
27 20
21 24
26 4
19 26
16 9
9 13
12 21
22 10
27 31
23 7
8 19
25 4
12 2
28 15
1 13
20 29
29 25
30 23
25 7
1 29
32 15
22 28
21 25
16 5
9 15
1 5
10 17
32 6
11 7
22 32
12 33
3 19
27 25
3 16
29 4
1 8
5 7
32 13
16 10
