76 921 59542
45759 423
90903 465
67884 322
68724 585
157 1100
72143 1668
64001 827
85698 1923
77451 136
27874 932
42386 390
87588 239
65100 453
57759 512
84345 1254
56284 1293
19713 786
33988 1608
60186 1462
39122 619
48086 759
11039 1543
32499 1545
22955 1769
53814 786
31749 1593
32899 1770
18282 1336
64005 1878
4110 1742
54077 348
57403 1250
43674 1383
89454 1530
15487 598
83780 990
49169 1711
146 1491
40469 467
18275 1952
22070 1095
15809 1579
13233 488
87437 1940
11625 762
11331 214
3900 713
48148 247
13489 1170
46815 816
70182 1338
67751 665
18551 977
47714 1889
36760 227
63330 1300
96513 1066
54054 186
4680 503
95553 15
22109 1091
92377 218
45212 53
3661 1418
77701 1171
54386 1172
15102 75
54298 1917
34484 1877
2553 900
32528 1623
38164 639
49386 649
34950 1382
71057 779
44978 1598
