528 710 34685
63940 1850
98743 1486
58430 383
40727 653
41670 778
74818 476
41061 1702
42316 1158
82431 715
14786 696
66347 598
41332 149
96121 752
37131 150
27958 1604
44071 390
59519 579
91016 1062
58980 1858
14652 430
18034 1682
11754 893
73808 1581
69822 1530
87831 568
16428 1789
22677 939
23391 1866
50424 1356
10190 694
25017 751
63854 1820
94122 56
61325 157
22594 441
29879 1494
14767 1008
35858 1152
18311 452
15242 533
50902 1207
9039 624
95884 1644
84219 554
30902 1498
40000 258
84507 1536
2855 1703
34168 661
85040 387
71028 267
55593 1865
75797 537
98325 701
43029 733
97767 1928
18969 1023
1869 979
78719 253
36581 1525
81576 1677
32191 1871
94098 1218
4227 1405
99072 851
61069 705
48401 601
74240 1088
92888 847
57880 15
25923 1371
23537 1726
67208 1395
37368 1400
41498 610
32679 157
38378 311
67119 1243
79898 377
49145 855
73408 1402
66551 1772
3968 1489
2507 1256
19806 915
36315 1380
25034 1625
15439 21
6459 1824
87337 1686
88094 1220
26897 1894
94172 1136
51554 1249
82446 1651
18244 586
67326 1330
9912 1815
4508 382
32705 1277
1660 1590
15770 107
46677 1819
64155 1191
10261 199
53562 1294
27341 1142
47275 1861
7895 140
56099 233
3138 1329
42922 1604
83369 974
55036 1303
62025 547
57109 1147
85528 1373
7660 1629
39236 129
22348 265
15071 954
5079 811
28920 1954
45331 1261
44850 333
55638 1351
64014 1910
69446 1317
90101 1446
20329 654
28385 1233
38946 220
85014 516
80317 712
78451 1793
69322 622
27492 1445
77500 398
23726 1044
80103 1943
37193 484
65982 257
43622 1731
38744 498
20581 1046
95088 1220
65459 160
75426 1237
20025 692
13443 940
67991 1832
10571 314
87740 1371
59243 1305
40399 355
63967 816
12139 1479
71247 1538
6708 1217
60448 334
29544 595
33765 1101
27063 1782
71804 239
82584 1714
38446 1389
25871 1612
92884 38
19204 584
22352 1142
32110 1788
67672 384
84834 1261
64174 1651
36459 1013
20344 390
93151 616
79300 489
74354 1237
73716 1105
96319 1120
21352 409
13657 565
95248 853
87613 505
72435 671
72191 1173
50028 730
67361 657
73643 1106
27392 1828
53141 873
54678 1544
60033 1456
75578 1088
35548 896
94348 214
31173 1520
60010 1463
15323 1207
50822 994
25051 619
56828 329
51028 93
98005 1317
67747 1839
85760 333
5909 419
68738 1968
76381 1223
11800 1004
82097 1720
68836 1951
945 1738
14910 1671
68925 580
72927 1252
9783 464
33874 763
28292 1034
56687 823
45514 1062
19638 29
13845 1379
81247 450
24032 1711
97734 1344
13984 910
54463 1478
92746 1189
75541 1509
36233 1091
20789 771
49462 395
20266 1573
595 791
95560 1616
2087 189
57326 663
32888 125
99066 1180
69896 1804
66931 1538
64771 1488
78739 1711
47770 597
74125 857
71173 622
41327 1889
84705 1228
9663 1855
95563 53
14235 641
76148 1996
69955 655
21180 162
4402 1240
59481 54
18664 250
16790 39
22751 734
54057 1285
39012 1329
98622 190
62519 1729
94434 1405
9686 324
76858 718
44613 582
50600 1767
48869 1137
7388 1672
14268 1350
53503 252
99389 1572
20485 559
5975 1862
85713 472
25521 1329
27188 390
7071 994
12536 1505
92066 303
92382 1785
64472 1084
6527 805
86107 909
36407 1075
58202 1283
76632 1987
90916 59
60152 1430
43687 1523
65059 1780
46364 1984
41234 764
26328 1288
65315 1194
29763 902
86336 1836
7295 817
88487 1077
27172 178
34586 1578
27252 1539
37038 811
94755 1364
42592 934
37737 575
65879 1340
23974 12
40927 73
65477 838
52233 141
20204 45
19753 1944
93643 1383
51279 338
24347 864
36141 235
97275 431
12816 582
18403 1181
10035 364
25698 846
18845 1881
89549 1617
31591 221
35627 1720
39933 1100
36445 808
66970 635
52531 103
13629 1526
74653 706
84024 436
27241 47
70837 493
63961 176
2338 1689
29771 1812
45359 1896
61616 1822
10385 1008
23237 601
58222 1082
71253 1409
88963 270
66918 1164
50063 268
67027 1463
65577 359
54277 687
61046 1513
56965 1644
81486 1625
72553 1520
20093 1306
48412 1344
99667 509
79817 1531
81634 149
43422 117
92450 1463
8095 466
97976 305
95175 1319
53482 761
798 666
55685 54
57444 485
44177 880
18676 1834
21620 375
93897 1413
57261 559
7396 1927
48424 1091
92346 492
84651 1331
12793 681
7402 1191
6358 1103
12574 1203
688 1263
28575 1588
67099 905
52765 422
32654 1406
21402 1442
10818 1692
54104 730
76830 1913
922 1104
45587 1453
85376 1802
44042 753
25579 1219
84697 1098
87443 1325
28757 838
73162 1251
90306 134
43516 429
26270 1729
29529 855
38886 943
95755 863
22804 1764
34308 570
50284 875
77325 1659
72720 1872
84811 1493
41142 1966
84460 1173
72923 126
10296 654
78180 146
49800 1717
88802 324
95616 1071
99245 818
28085 909
97438 1804
60159 80
7024 1830
24249 188
18542 1205
41062 1408
47463 190
42310 1200
29566 316
5027 906
78877 267
40339 1354
38463 1367
14273 1089
73564 639
17674 1380
10354 959
29373 314
22264 1777
39798 1886
66217 1538
78298 956
49833 1516
4854 595
14899 150
11102 1979
85964 1705
78735 118
28252 928
14185 425
45049 354
39206 1648
74062 1
39138 871
50329 1348
67970 561
7516 1747
69970 255
10551 561
3125 884
12338 1568
87528 387
973 160
73013 1096
41147 195
85646 1603
60326 1242
41131 688
7307 1085
55543 1092
19213 1338
73465 977
63097 1755
99913 1574
18524 493
18803 1008
5578 267
2530 1795
88252 473
37148 258
2196 1268
91753 1022
50623 1397
32829 1416
80099 1953
82135 1285
94435 807
36003 244
13243 587
30429 1096
97689 813
71518 87
83818 1693
90403 893
98951 1455
53304 565
61664 1996
4100 708
45799 715
88521 843
57612 919
16944 55
26088 1965
80973 1600
80245 1123
65460 1162
53738 846
59635 719
35008 891
50119 1945
82829 480
31757 358
30024 400
3388 1882
10230 1472
69131 577
94343 1475
77268 1122
98893 1752
4457 1041
51967 431
32954 1324
16463 1204
25775 696
