117 933 11395
60048 708
35996 1656
8877 959
47955 803
63401 1630
28702 1112
28029 675
33772 531
13716 1429
36254 345
67649 1495
34862 1398
45440 1776
48814 674
52305 1466
89528 94
55949 204
40866 933
95417 1122
80766 1120
33192 466
43237 639
82963 408
61847 839
85180 1039
35918 955
85524 1968
47912 1956
3027 1620
23438 475
67904 887
58454 127
98366 1940
24540 1853
36140 206
42126 165
21252 1173
26605 1520
66925 19
54550 528
66697 1826
98478 1021
35038 292
5239 1889
83129 1853
29393 648
21133 842
53873 5
26853 1679
40648 1945
42531 1702
84763 761
77443 595
22032 216
75599 1352
89028 1225
96411 579
27959 313
45863 515
53799 508
53328 76
85131 1623
9130 1516
60985 691
30923 438
5258 1531
39513 1380
304 466
6705 1497
20180 1770
23389 268
62149 1092
61564 274
25253 500
12971 1555
16696 1887
35837 241
93774 29
86674 1773
12580 1708
82789 339
87936 1673
53732 428
57484 571
40622 1374
19389 488
90031 1873
27748 641
21979 1828
71196 1245
70920 371
31158 1446
71576 1103
6460 1144
17676 581
74141 1110
36706 1943
86676 727
62510 90
98077 1680
99469 1668
29451 77
77437 917
72227 829
90596 746
57937 1421
56063 1137
84363 20
84378 305
89896 1363
53002 257
59218 175
43586 152
3580 202
50321 1079
27516 1966
67299 191
