1472 1928 8268
77115 1696
1752 1505
78622 1816
13482 1583
86488 215
47197 444
48676 581
25080 988
26084 777
16083 159
21396 1653
3281 1571
25575 1662
70580 797
87592 895
58524 1725
53279 553
75782 1585
49962 1182
80530 119
42786 1185
42148 1316
62768 1529
17586 1030
38555 938
7118 594
41035 1970
10013 563
15315 1094
32409 1133
69640 1890
278 1721
36349 1364
82776 1615
88662 1699
41832 1884
5243 435
8604 486
78520 1987
22453 1639
42948 1973
44395 1805
47683 200
74860 1763
36441 2
70077 1106
31249 113
27010 804
25193 745
29156 551
42748 607
77927 1962
54095 1808
16512 190
10744 652
56162 1182
12011 1926
73509 999
89516 319
43532 306
4716 1268
98449 856
12330 743
39142 1092
83251 1153
14940 135
52840 1502
26090 714
58780 211
57403 1895
32400 549
89060 1293
85142 147
42707 119
2344 1876
88338 1652
20718 1999
80306 1505
22720 612
9257 1199
79705 1513
37310 1696
61806 344
9157 1953
99316 1495
84543 183
8377 791
99089 122
80837 1223
516 65
31205 1052
89172 111
34950 651
77077 1261
19661 636
66391 1376
92196 423
29166 59
6019 970
4852 543
57767 823
98088 1547
98824 135
61998 731
23271 545
44570 940
38420 1584
34375 1629
23020 1965
40310 1886
91654 1133
83945 1483
77890 1263
47224 1651
49623 961
533 1315
72223 1894
50606 1756
6720 1500
10883 1017
77337 298
26156 1851
91964 1925
45058 1136
79907 633
99991 1097
57897 1442
46045 1113
93277 1185
75600 530
68767 569
87523 1033
41632 687
87870 338
51055 904
5116 517
7873 1486
2380 553
32894 642
57738 1548
81129 514
40525 1349
98602 1553
40795 1361
99353 752
9311 1170
13552 174
20629 231
13375 418
73231 695
11596 244
99151 783
71883 336
52995 816
19721 611
5780 615
57284 1719
38139 448
93534 886
14462 834
40711 1233
8130 1789
74525 113
39586 745
85881 593
81125 1440
85843 134
83553 1041
43091 1555
34654 1811
66046 507
45274 1534
67924 1048
80101 1775
84313 1266
25791 1845
16526 752
5554 1327
34249 1232
37571 1357
8089 1899
45870 407
4037 935
5074 1226
11526 319
41545 285
55451 857
90543 625
27251 1617
72729 1480
69614 296
41751 341
41500 332
54452 370
51178 61
37762 1421
11829 1583
47606 883
15187 242
37663 1691
37061 1652
12176 1464
35296 703
16868 965
12730 639
81759 1488
58501 458
55394 454
16849 1551
82851 1178
30717 102
94544 259
63936 1406
56594 826
62662 1655
53667 1337
60049 184
68483 1898
30545 232
88723 1997
41496 1888
78687 1768
2325 1530
92607 679
1207 903
89969 1244
99988 1448
75587 272
93419 345
80297 1268
4547 1653
20073 1247
81007 1375
62067 1794
81657 1075
99511 236
1485 1398
39169 186
43866 1667
42144 771
12559 21
65344 858
79352 241
72278 21
24193 206
52580 1005
84839 14
5159 378
80611 1946
68243 1467
61301 472
6775 1569
44444 660
53732 1566
30492 289
20170 1995
29958 1193
34544 1721
11559 953
70022 550
82569 1236
10455 119
2904 1268
51361 589
83388 1627
66257 730
62863 1813
59449 119
28928 261
4364 311
48449 1369
73305 1734
81004 1106
65582 220
98065 1956
92632 438
83397 1981
78420 101
68925 738
88758 1515
17248 597
30155 658
13341 459
75649 1263
63899 168
46917 1127
81253 1247
58993 682
41165 1648
23087 1202
12942 574
32375 652
58790 779
8493 526
63692 1328
29338 425
80766 770
29094 251
84197 1580
64314 1918
95567 587
70849 1147
68395 40
61497 1223
67847 102
69187 879
21680 823
31356 1819
70292 93
29064 1619
37431 1378
37613 122
71814 164
20065 1495
20542 1193
86065 1448
23538 607
30182 950
10918 1206
12411 727
50904 422
61578 409
83232 712
21223 425
24907 1329
42788 963
14320 17
92304 894
72230 859
28584 1938
26558 591
50205 1611
64568 751
44180 976
18618 1924
98869 1440
6853 422
23438 1401
13821 1772
8310 915
44505 931
67732 692
87281 446
80812 1730
17467 1772
58829 1463
61198 448
64677 1371
74271 913
88477 844
541 1543
94877 356
87135 831
57918 1734
25531 550
94509 1791
53566 97
26220 966
30076 1084
86883 1313
93822 1506
96324 1187
29306 774
41547 1668
9372 1051
30237 1112
7349 1190
3063 99
48056 611
91595 1242
45114 1291
96607 1772
97494 183
43819 1235
7056 917
82852 244
12573 1563
27633 176
44982 591
87416 1282
6970 546
69198 851
98868 1997
53982 1578
47909 1461
99705 1900
72984 396
7757 461
53443 1263
32641 669
99169 1591
39535 1343
61013 101
46869 361
13010 1834
44986 829
23373 158
87232 784
42718 525
18087 1577
28259 1033
23909 729
85170 1215
33300 1663
21356 367
60050 1685
31132 837
82516 546
93711 1824
89886 638
75883 1844
81348 418
98307 471
51069 1557
8249 406
2786 1637
95686 1140
41145 1376
83611 282
28477 1391
23711 366
50533 542
51693 1274
55711 529
27724 1470
3276 1272
65481 1490
43978 1024
96963 1179
97815 288
52344 443
51837 1164
90096 1424
23896 1361
1967 1461
41630 337
85015 231
55089 1198
68539 1917
89469 1932
99641 1625
93878 434
809 506
41419 65
73075 776
36665 1273
32489 1323
1339 1612
13478 967
58185 1201
67619 429
5794 1980
48735 1610
6314 849
17918 70
84760 1342
82422 848
61443 1171
30757 176
67479 1919
61055 509
94112 1245
70843 1252
97851 768
26454 1944
65549 130
55194 1231
93682 1818
22860 175
15198 1688
82673 1622
39161 917
15907 1892
69966 1094
43681 66
54451 1664
96386 1064
65705 960
93487 1652
65305 1141
77827 1912
57213 1072
54497 770
8294 1311
91042 504
91107 636
78159 441
60890 960
68248 1310
51274 1746
25092 7
29293 299
81923 1149
36783 1719
17349 1454
69866 1704
12518 312
33887 535
34597 1883
92159 1562
50937 1268
18201 248
60331 77
91446 657
70135 159
63726 240
93450 572
5501 1980
43330 1481
42486 1126
7209 1787
32973 1060
9053 1136
17796 1348
30809 1136
92714 1443
56767 1804
37519 1984
51590 92
48243 1633
47526 1232
70456 1117
22579 579
88669 1575
25340 622
30453 159
42963 647
36911 722
98404 738
21854 478
45338 195
77666 659
77410 1283
23044 1658
67287 516
65656 310
35486 63
18382 1500
62878 263
61476 479
38172 306
65010 92
42875 987
9607 553
51722 371
72448 523
63435 1806
62910 1290
41990 954
18296 1148
76038 1685
17011 638
71423 192
49049 889
43910 1626
8520 1171
5691 266
55563 775
93333 744
7158 787
92276 1851
61148 1475
29192 1134
34119 1176
93870 480
43433 71
68677 1396
96335 578
16184 1328
6921 310
43787 166
29317 770
34936 55
8770 288
77248 1299
31302 66
98232 1499
58309 1614
66572 873
17717 496
12410 281
77917 1722
38620 1071
31698 779
21043 51
94702 1461
22517 330
29838 1871
22419 1451
25975 1470
38860 785
47896 720
15490 1413
56226 930
58123 958
12059 400
40510 799
85097 181
27509 1660
63201 1477
3135 238
61649 703
56632 1273
98835 1795
82987 499
11605 1843
54400 1722
77053 806
1656 1859
96587 440
13167 103
55970 1505
40040 1147
13553 1141
73826 614
10145 1916
38493 827
35943 333
260 1678
54792 1856
79896 1073
9771 1409
7122 1767
40096 1037
86174 30
61077 1530
69853 1120
22611 443
80087 650
71489 489
90278 299
31945 1252
20859 682
73220 46
20026 155
84981 1234
40114 1708
81170 1035
27085 363
75803 1162
45713 56
37751 791
80185 1064
56091 1084
96085 145
45041 251
57517 912
87171 1424
81622 730
99496 712
57673 1232
7260 1534
7493 1899
11447 607
8691 414
44792 1461
47970 1411
23070 432
41681 242
54480 633
81084 253
71066 301
56565 937
4985 26
24888 414
71668 764
29190 450
73024 261
29154 651
97016 792
91131 1613
16328 1190
18237 1678
9867 939
17401 714
16517 1950
84982 1828
25450 1075
98020 1939
67100 627
59851 793
86077 1521
7930 1818
69321 264
1178 1698
69995 885
1394 114
68941 1189
83841 592
53457 1916
15041 49
88831 517
73654 1222
4286 437
83343 1750
2592 883
15008 1638
3375 606
84784 1821
33268 720
87716 650
66984 191
85112 1160
10478 582
89508 1422
17112 526
70778 1346
86530 796
56896 1119
79310 984
62143 1073
49922 1129
85135 283
50234 74
35627 1165
42086 635
7090 560
97386 1849
1983 1977
54618 1749
66880 1639
10884 138
36366 1131
26461 192
93432 73
25336 441
58528 180
24924 227
24467 1831
92466 1958
15584 363
25922 1457
47763 1873
51186 340
18922 730
8496 429
32587 1338
31436 1968
30244 1309
8328 1771
85440 125
85497 1732
37671 1221
80004 200
49590 1242
93503 1168
36055 952
48256 452
9099 662
67978 1548
89108 1599
3278 1772
48848 237
83102 456
85256 591
10028 414
14828 1916
8927 930
13865 1569
91641 1242
28708 1118
66129 1482
10828 1532
87486 1702
84035 1199
96174 1877
25636 1177
13739 1013
75118 1881
45645 1027
15910 259
14126 294
57301 1857
463 597
77536 1487
27656 130
90737 334
53445 1562
17764 823
76902 1905
75365 1096
27996 1173
95307 126
78994 295
76212 951
75682 1245
3035 506
40119 501
64251 1221
23644 1121
83079 1158
35858 1098
2080 1788
21086 1018
72561 1252
59698 1608
41571 389
53505 430
415 703
79295 1637
80841 1166
11157 907
40812 79
54260 618
26716 314
97123 1176
40961 107
36814 1562
51780 1674
24667 1148
55795 2
20887 857
53761 672
72558 1238
73645 435
44813 1214
20338 838
63299 1987
7223 782
66141 1164
37338 217
69875 256
79870 834
93524 187
23903 36
44406 1922
82302 1601
121 586
46032 1100
5960 1878
95576 1354
43400 1823
56325 298
99827 1565
84040 588
49222 1833
98154 1239
64111 1636
58490 463
26030 537
83519 254
72048 1954
13659 1251
69190 1834
34319 1605
15069 491
39065 1290
5035 858
14557 53
10089 575
58761 408
35071 730
30467 234
10984 640
45217 854
58125 1391
68247 1538
64142 1131
75941 800
58697 913
79029 815
11057 815
35315 1977
20600 394
32184 1724
97663 1549
56801 688
94240 646
58434 1333
96349 1693
99450 1156
13675 1610
32633 935
20868 1607
90119 744
67646 658
68474 248
6282 218
93226 1436
97212 1095
75820 1282
78215 168
33102 1680
29022 1597
6300 245
41540 169
41443 576
23353 1180
53985 1779
51685 434
4973 703
30730 601
81983 54
16999 488
17685 1903
80482 140
68844 890
73737 1208
24106 243
25824 54
54600 527
37194 309
6401 572
87715 268
82807 924
97609 94
42419 1207
22923 1334
52697 558
16663 382
35944 1818
73266 1596
50224 1047
8142 707
83092 1698
28784 1275
37852 714
9006 1948
40881 1761
76817 299
32030 1877
60650 1697
43573 24
49516 772
15252 1946
16778 115
22289 2
36179 1372
21940 1330
50508 1546
56042 480
14006 57
36805 1505
15516 1671
8706 1013
86384 1173
11747 983
70892 1617
52185 520
47824 629
29471 159
53395 1484
35370 529
85197 1476
20405 1493
41000 1889
71692 906
54221 1009
47709 1307
74949 1950
84551 225
59483 1474
46021 1264
45356 693
7489 317
26954 1990
57405 220
73761 54
63843 848
21674 1523
5514 1706
46196 1389
74713 1054
51921 1994
18175 1591
56976 1635
6848 723
65083 20
40339 917
42303 317
46144 1537
51343 952
63519 931
31705 1922
76677 112
72571 1826
97192 725
9513 1759
25172 1351
41885 1300
70344 102
99531 978
64539 191
95896 854
28793 1184
85230 1188
51506 425
54048 67
36080 1912
78837 1973
15585 1654
92267 350
1073 901
91108 1163
72203 1609
85760 1265
81045 500
82510 1625
41641 1448
79167 1258
27294 706
58730 412
58952 807
20638 1912
70733 458
30136 500
18138 1057
99018 1913
40349 1589
39199 846
29077 1628
69760 1378
68535 668
85140 1094
84900 1646
63471 731
1330 1006
27873 25
47885 639
19023 1757
79634 1687
84526 1391
93302 133
77526 297
88976 214
17763 167
65288 1203
89898 414
7566 810
97524 855
14575 1507
35213 1850
5254 896
26262 130
62568 1526
20802 254
76143 236
7870 1409
92951 1573
94494 641
28742 614
50622 611
60811 1497
73644 1255
91901 1330
71045 193
45873 856
97450 1629
66486 1721
56282 304
71707 308
55197 920
86979 540
62788 1382
85856 1859
68139 597
42248 121
47291 1150
92007 1847
253 351
63741 1768
77635 1032
8940 1696
55715 1489
82535 1482
90995 677
29021 376
42182 1025
95463 233
33682 1265
95388 1278
67217 1180
34239 625
59583 374
92072 943
69464 319
38385 1344
29573 1598
14639 553
39012 785
81175 793
59018 1864
32797 1383
71498 547
13794 927
69255 283
90993 801
88151 1946
10475 187
63981 1610
15495 755
76474 507
11277 6
57586 825
65451 421
13282 502
83221 312
57900 1796
61514 1488
73156 1606
50104 785
63775 1049
39252 1600
47790 773
50823 1006
78157 262
2631 1199
45067 1188
30138 451
17636 846
20470 945
83933 703
56847 1940
24626 134
50751 765
74926 937
11214 1297
6476 852
30395 1840
31923 1891
84940 1504
89386 302
8110 886
94374 1639
65545 929
65903 865
10924 648
3666 19
31549 20
51666 522
59271 1287
14726 2
47892 411
33849 817
82877 158
60898 584
89537 181
41562 1468
64073 1752
6409 1280
59173 1417
29090 1639
8113 1977
91288 1936
38632 1489
74691 553
77584 609
17859 1092
57314 391
88443 1036
54178 1710
83015 1008
22836 11
31738 1579
25967 368
30401 1312
7998 1226
74646 1202
90985 163
19819 847
98193 14
79697 639
98308 1803
54988 486
15799 836
3203 1286
64507 297
90736 58
96886 1507
71340 705
20148 1392
3980 1578
40450 1031
76971 1834
82734 1888
8795 1481
48946 232
31891 493
80914 1166
92099 33
1720 1890
25643 654
69650 1501
96426 794
47229 1443
78046 1171
64833 1533
44192 1287
5245 13
88719 434
46870 821
48884 972
43852 1268
87767 533
6052 507
67399 629
14994 614
28021 401
97632 363
26765 355
33139 324
61003 674
93946 1364
3840 54
62655 1553
49965 1954
53081 260
61042 792
28871 460
98898 522
31910 1840
55492 1773
31069 1657
52533 832
8501 2000
70183 1059
94513 1005
76613 618
36922 1493
77245 1413
67902 987
34614 515
49342 624
33803 1585
83435 1189
51122 187
48890 1266
36859 27
98437 1610
82949 132
1373 468
3611 496
858 808
59155 332
80946 1386
61820 1359
21058 17
35968 1040
48109 1355
56910 244
26572 1499
22635 1721
5467 1227
82194 354
39251 511
33342 106
60638 613
11153 1750
95110 1606
77277 970
66926 1216
89134 256
1818 1167
22523 438
21958 67
82780 851
16303 1929
41212 1397
10179 512
61790 1808
18911 730
37259 1442
26486 864
93638 1798
36108 389
23330 1987
18903 423
97075 1520
8526 1168
2990 1483
34929 465
41805 1427
98626 1868
36251 1733
60870 1232
39273 1086
5204 405
16354 5
62169 1097
47837 684
91574 1461
15300 1854
19672 1674
33345 711
85564 1243
91174 1205
14101 917
80742 522
71391 392
60281 675
55957 1906
57131 567
22168 1671
96058 214
33218 1020
47772 1924
13272 1307
15802 692
40748 1291
23486 1434
5434 1027
71695 422
32002 1327
92208 1252
248 1479
59966 772
46773 307
25761 596
95955 1134
71265 1658
83106 843
57869 1168
12041 394
43439 1876
70631 1936
1639 62
19857 1484
92115 1515
88466 1727
33354 471
92720 1991
83096 178
79899 277
31443 1957
28706 939
54449 853
79452 504
72054 641
27597 838
12151 343
53851 137
75611 340
98125 650
49540 1262
24987 1357
46895 1539
76447 150
79043 1620
35927 161
28737 43
70353 1142
51109 921
84849 1704
64905 419
55123 1907
95035 1877
81629 1218
11576 1924
40786 201
65064 737
54186 176
13335 1891
20764 1334
29999 1247
6153 1871
64331 140
82774 1228
22394 631
81608 537
84298 326
31769 1781
7029 292
44287 104
2438 835
90341 46
10615 1072
90895 787
26930 1124
57773 532
93068 1879
3403 1893
47740 445
25079 1273
66759 1198
86193 1609
58455 715
21540 1544
72151 1251
99428 1592
56442 294
26749 31
89932 722
83557 1474
81483 278
91592 72
39007 822
95961 687
1329 906
73368 429
22302 1063
2745 1428
82163 1428
2595 971
69370 1308
95474 133
90580 50
12644 899
40830 1786
35255 1114
10656 266
93697 1031
86342 936
24658 1774
17398 671
57731 36
45385 332
22603 1288
83455 602
87261 1114
76287 1921
71841 1655
11459 1754
27930 943
36304 1396
96440 1953
31539 676
60137 293
78860 150
15998 1148
58580 1763
11199 51
61665 1880
83893 1934
72964 1463
26574 837
98604 900
23790 652
54994 1745
92830 234
24610 627
22410 1754
91125 651
45421 1755
58447 867
55546 1013
62866 734
5822 118
21784 1396
58632 239
22326 151
45075 178
29607 652
60001 1322
44421 878
92710 17
436 1678
73748 1113
86097 1425
62107 1804
31391 1937
28211 90
29121 1492
9291 1288
28816 1077
50542 1632
42722 1189
9682 720
93982 1202
95236 552
5040 330
22645 1211
80074 129
98785 1187
24592 37
50830 1408
1817 713
97854 1597
5629 1215
40372 1635
18158 1730
38082 651
8504 226
