389 969 11580
19512 1352
94289 1984
35198 1901
53862 1034
4737 662
70628 1374
11304 1299
61651 1113
39498 826
29820 193
28892 1659
38772 1714
89676 92
62549 2
14981 845
89467 997
9051 1628
21009 1822
45995 452
47600 811
34946 417
70118 1237
75295 151
18529 1219
92633 562
6856 2
41734 1565
96799 1807
21425 1014
4143 1438
92499 1606
35043 790
71917 833
3817 169
92635 1556
71027 1112
54707 1426
97897 151
11504 1949
33856 1223
82541 789
41542 1617
25330 855
12371 219
90107 1761
41919 1071
49603 1495
59495 1231
50203 1532
36679 703
11107 225
93529 701
75602 1128
26300 55
40619 1375
38352 1632
39954 78
38588 1247
58025 492
15140 650
22374 61
56390 610
44967 337
47868 1616
69773 1367
12102 160
483 1264
95595 351
39931 492
40639 685
24751 171
26654 1856
13679 1122
92078 1076
91069 1876
87930 1582
62613 549
76876 1540
26414 901
2791 1315
99412 1057
24185 96
46861 937
59227 533
19860 934
15755 1967
9704 1543
25406 405
58813 1281
24550 334
32972 84
68554 1121
49445 997
49599 1911
48904 471
41826 488
22989 1276
69651 1821
42922 273
3152 666
67783 546
51733 1701
21758 1648
85681 495
63618 1790
26135 172
44144 1519
12265 1067
8324 204
86221 917
854 1521
36209 1159
20446 1043
47372 1003
66567 105
43430 464
69187 1352
53172 1120
48116 1061
21627 1901
60862 1856
66809 1136
82116 910
34590 1689
49919 151
95368 215
94952 851
48425 893
80628 1345
15961 188
36501 20
49098 389
33236 1630
69005 1143
97894 1336
25868 213
51332 790
34145 1635
13402 684
29259 1075
9697 1498
76711 1187
15177 1292
54358 1258
89118 647
65327 1921
34937 838
79287 1958
90949 372
47939 1623
97392 1207
1182 925
85484 1659
31598 306
41983 595
71920 1092
13363 1879
39896 77
32159 1930
12493 82
35118 1598
96263 609
96912 398
11359 419
43619 752
40630 1608
12022 845
16101 1454
72197 677
41010 595
60804 112
8812 1105
43308 1867
64779 242
14946 1083
13431 1935
54722 1146
46153 447
81477 1768
23590 281
18388 707
94923 1071
33402 1352
70853 1241
80736 1123
30647 1359
29649 1875
86368 574
85355 127
48938 1395
12873 741
91975 942
64651 1855
72395 779
67847 1222
6354 802
1615 1006
13213 910
2055 1370
87893 1352
88503 1018
81657 908
35696 1422
2928 159
10914 404
72479 1641
80724 82
75277 1927
30833 1808
75000 1542
34052 712
32956 71
56980 1803
19992 825
85924 1940
80014 164
38470 264
41191 650
66605 1233
52617 1226
9360 997
31356 1700
72754 200
15583 384
51258 1449
11224 1482
177 1222
99406 465
1884 397
49785 366
89385 990
17377 1793
8495 1126
43552 1724
22789 453
87014 269
10922 1703
15809 973
26063 729
50376 36
59917 1628
93857 1421
35384 820
75239 1184
73645 479
13133 1860
52741 1911
76558 1104
23971 1946
77514 1516
50808 1139
66674 1435
46167 1172
96337 1760
41452 1763
35147 54
29253 1021
47200 1844
55329 734
95609 332
82893 168
90701 965
29194 1094
7773 1994
61246 1391
45830 708
2841 347
30405 1597
69127 1817
43392 1067
23573 289
84310 807
36214 1720
12016 101
84975 268
2159 1150
93944 259
37733 773
80699 1412
32461 1006
84124 1294
95993 40
56047 905
85089 845
38598 341
35053 1141
68195 1464
49187 1166
69481 311
87620 33
18180 95
74029 427
22622 708
78095 1941
51572 1451
98106 48
67442 1133
17297 1427
4553 1637
20859 1424
39070 1004
89269 351
90799 1293
760 1240
45689 433
25595 727
27238 1132
61911 1797
18591 546
9382 198
65553 1058
34115 73
17409 713
85497 824
33068 761
12007 1696
8548 718
35254 134
77712 1594
43656 1840
52035 43
92390 559
32260 1911
83170 1239
9514 318
88202 288
85716 1167
88324 1982
93499 377
55151 1699
17812 518
41511 892
56388 500
10476 959
8039 1259
46206 1684
72403 961
91256 437
98577 664
21380 1545
41206 1221
64379 1706
51162 427
85131 482
62124 1567
74526 972
94198 1882
25882 132
45386 1452
45343 523
25458 552
8261 35
34431 166
60117 1576
88272 443
65860 1009
18433 1766
4485 149
1947 1596
26631 1650
73007 427
72932 68
89726 1134
47739 294
90128 851
27581 1743
25202 263
9645 621
44816 752
19548 650
14754 1752
47908 1304
71734 151
3318 305
69437 1766
55365 1976
70180 814
88019 1432
95065 760
51816 372
71219 1357
46437 351
80915 1365
16606 1935
41999 1303
17898 409
15131 469
16386 577
32882 1941
