1511 20 91083
60250 503
9920 1333
92295 1344
34143 1646
27925 669
789 132
37899 971
52373 839
79209 552
40167 1139
99011 1607
61584 669
49260 276
78871 1516
84850 1087
85890 107
61374 1143
21943 667
7590 607
22542 1350
18189 803
89724 894
16199 1771
22566 678
84485 596
42318 975
51226 1859
41584 1148
61526 1338
10585 678
56622 1811
74297 1818
89076 415
54186 1479
64982 13
91054 326
37062 1453
2028 1087
55164 41
85189 822
42563 459
86509 1623
26343 245
1168 1727
79742 1985
50820 1956
12160 586
18319 1925
12887 1825
5860 1074
14154 1266
90781 555
31407 881
62904 1143
602 769
94891 649
86466 1641
23050 864
37139 582
85060 748
72877 1853
48340 1005
2059 1242
3340 1329
90316 823
93167 832
33872 1918
82708 816
69857 482
7718 1086
83561 610
92578 574
10536 114
29608 820
27191 1018
44947 1576
91583 1020
91352 43
15055 951
96158 472
53721 1592
30314 225
91046 271
92454 251
32478 265
49964 305
78119 421
82682 1962
53411 884
80987 1207
82685 1548
8427 1568
1614 1942
78307 1260
59575 1289
41416 1956
33995 219
1126 689
20389 552
93894 1852
74696 1145
60999 385
53532 233
20314 1135
68845 1355
14232 1737
40431 1615
22049 1653
37065 413
29650 508
35248 105
54523 610
38523 1147
12426 1441
36205 491
64085 288
94328 640
42020 690
83964 603
92026 137
75892 296
48201 336
19593 1143
38630 852
17627 1811
30402 1473
16114 763
29964 514
78386 601
24837 1443
40814 745
85136 236
75106 1325
30118 1809
52516 1127
57633 1920
95709 353
50581 720
30121 677
31190 1048
76246 26
98078 199
93597 1249
31799 141
38695 1719
21430 1840
995 775
11139 680
58389 1588
39391 792
17684 480
62684 1875
81507 1907
70279 150
16528 1714
69882 1183
13943 494
33542 1386
44853 1009
26426 29
4455 791
15486 1717
95019 827
64745 616
98767 1928
44589 1905
79150 1786
11027 1800
81219 1531
30588 753
15005 1598
58166 507
3332 1427
40811 1020
95011 1683
29255 387
11402 174
8715 1268
40529 1141
54570 294
16438 49
86961 1928
57304 1800
50601 582
54321 1589
7873 9
31061 1938
78885 1287
80145 800
47253 1455
96239 1895
85135 32
44075 1942
26347 637
53035 52
83337 402
7637 967
57863 1559
34 1684
9364 1094
6884 1956
23232 790
85610 112
82287 351
65749 313
95670 1076
99891 1948
23318 1707
6661 21
36678 145
4604 1081
26129 1982
33962 1614
70029 564
34200 1081
73135 12
148 578
73130 1292
1823 1506
80885 1371
22666 448
90374 1039
55121 207
28267 696
79677 1340
8164 1263
85468 597
33202 1678
68024 1269
36128 956
24336 1290
69680 733
61080 1565
83879 1234
42793 1015
76549 619
26605 445
16180 1723
51554 996
72635 552
82009 1671
38590 400
82242 1342
11591 1878
67176 1892
17095 1720
63791 1825
46240 265
46070 1429
99026 1397
39051 588
84774 366
76403 1699
26872 1944
49430 1065
36565 816
26049 373
50258 1814
99021 678
89512 1032
26785 691
23964 543
51468 419
68641 711
25967 42
73467 1594
17822 189
53037 1941
18759 541
72408 1432
62068 1917
48381 1538
52325 1211
196 1966
24373 903
21715 376
74057 1672
36556 1500
56396 1850
76956 1186
57155 882
21131 563
45375 258
61924 1884
56467 382
16602 853
26724 1879
28649 268
89192 1718
43285 1706
98338 1178
51645 1953
41529 1626
5878 1384
99219 544
73058 1173
31722 835
67082 1202
23747 587
75557 1480
60746 25
79429 862
31972 1261
17491 1251
84505 1250
18260 1891
3171 1082
45345 153
17383 1808
37087 1762
39188 677
87260 1943
1266 1955
76508 502
29329 1192
32461 441
84590 891
40757 716
30602 556
17609 923
72450 1574
65416 865
98782 1426
70910 705
85696 1142
18630 861
81885 463
33960 1096
47375 44
36536 1440
63182 683
87674 358
4840 1686
37661 1822
59248 888
66073 1601
49336 2
22457 809
12596 897
89650 1297
84773 741
22482 1373
41767 1295
13146 580
62577 1943
21051 1581
46894 1024
25741 1580
8332 885
43274 637
61738 851
17009 789
4347 1826
41142 433
60422 912
22153 311
20620 1192
65894 1139
89406 802
5431 173
57267 1984
51059 1660
8185 1990
92153 657
6480 1094
89153 750
18049 38
35026 1295
77422 1628
42088 1488
60223 1167
83230 1856
24328 1659
308 1452
82617 530
39758 14
81250 692
58995 901
53266 618
67557 1267
64005 732
30472 1375
4221 1237
65685 1525
50015 425
53850 871
95388 861
73491 568
13032 95
49655 514
15892 582
79416 1545
58697 687
34032 1176
85681 584
89953 1860
62326 1007
95425 729
18865 1886
7168 980
35183 230
96689 36
76655 544
91691 95
82304 1654
98370 6
33151 1789
54893 718
55015 1257
32819 1109
4056 55
96503 1797
56391 1712
18618 114
86934 1320
66014 1839
60872 1036
39541 815
17756 6
87380 80
48492 81
18553 1024
64823 853
74695 915
7930 1470
85821 1470
73166 857
930 1672
50426 535
46180 1501
15541 374
8266 1087
39117 1958
10692 1302
30761 717
48727 900
26602 229
36182 1833
57854 314
645 1011
59813 1774
19679 1766
16195 630
41176 502
96812 1440
17975 1550
18135 86
86147 981
56499 307
53139 1123
53087 164
65229 1111
68626 437
64091 1388
71410 205
2641 252
36583 285
5808 149
17169 1872
58109 76
51029 10
49865 574
73259 904
83343 1556
52311 1434
47414 272
11579 833
73117 929
41538 1068
97616 1863
55921 991
50045 1692
51166 1675
22516 183
75791 1871
21699 97
30234 1124
61787 909
39787 625
47023 1643
68452 1090
7485 273
15630 331
37690 611
89754 50
9217 951
9457 1518
11583 319
58257 210
8209 1408
59733 1352
93913 676
90500 396
12731 314
97536 988
15354 1464
50002 685
72761 1718
21471 1846
46309 223
6076 508
6183 897
77323 417
15555 892
50122 620
79983 701
58556 1705
64999 1932
61517 1564
77108 1493
44337 1221
32409 1238
85744 444
47745 407
32626 37
63648 867
51251 150
17415 1531
48439 1463
9304 1585
28843 1558
77407 890
84932 54
90321 298
21341 1517
34196 715
54375 663
59350 747
135 445
31496 597
28838 1030
74580 1046
88492 908
88278 1386
68914 1627
52497 1787
7172 1601
72880 356
1585 1467
31692 1890
62129 370
87179 838
6955 218
67552 1013
17010 1779
49790 1885
46143 841
75880 314
87284 1730
79335 691
94275 1438
12093 2000
51950 1735
31350 890
72968 589
64843 1367
41136 1175
34929 927
10614 1257
28013 660
28659 927
25429 432
73182 129
33857 333
12422 359
47931 1795
64921 1632
90282 1063
67988 771
42898 1331
99226 1096
20457 798
51202 1620
16583 906
29796 1456
82772 702
44538 1059
67996 995
43339 358
59683 206
92567 1738
31616 339
68079 211
68853 305
95997 761
33642 185
75971 424
62476 1033
10105 538
32466 1160
87943 287
47991 1751
44738 1824
82243 1461
46272 1496
62601 113
75259 809
31275 127
56657 1111
33350 1207
42610 816
19695 288
7329 953
63214 658
26774 803
59631 1600
21377 706
88235 6
12811 57
56759 713
51465 763
50092 1460
700 82
45876 1269
20507 513
32426 206
62641 1832
5520 975
84695 586
63389 1383
76809 1983
74723 773
74157 1226
1715 1220
81172 1321
39370 465
62674 342
11135 262
45990 1335
62488 1582
65531 827
4418 1915
2288 1160
64302 1514
32229 63
95553 1292
19701 649
30394 370
87064 1706
45878 1358
24327 1036
13841 1087
68286 1568
51631 1882
44511 700
45044 1910
81812 165
31762 142
75800 666
79357 782
12873 214
14535 1312
68343 1434
96994 437
24828 1267
63865 3
98583 1068
74598 494
60677 972
54527 1725
26205 1889
95023 581
44811 1030
19597 467
13615 218
75851 444
53220 1256
25 804
24469 1726
64833 542
16502 1019
63424 1074
38753 526
11791 1084
43456 1882
57337 1864
97540 1591
16334 328
38143 107
59560 1195
13563 1086
35847 561
2162 1971
45201 1496
71816 1052
30551 846
74965 313
17652 1773
93201 166
41979 1345
32591 70
60124 98
30556 219
78507 59
59892 459
22678 1949
29035 1719
68474 689
90187 1673
41694 1949
10923 1434
3641 284
46772 21
37977 569
70750 1373
90273 1904
95615 1423
60211 973
96079 1773
53345 1813
78677 1614
82114 485
7625 363
18818 1021
20495 342
66061 197
55133 942
49093 1959
8549 100
65689 1854
31956 538
21695 342
49056 401
37855 911
61127 1840
31271 512
4697 1287
68496 1704
46898 1143
98776 1713
45633 505
88960 404
35488 1386
79225 1904
8334 1943
11754 1643
91311 544
20935 1360
99237 1432
97090 1746
95995 1129
54139 1952
20869 1966
46190 1399
48430 125
77372 94
99847 75
18575 1295
91226 1370
30038 1003
53348 589
68855 1253
18278 808
90612 1528
42579 1404
47626 1884
59607 681
85628 1313
67085 1877
52439 936
67451 949
32657 880
5852 1080
23170 661
90189 1801
5709 241
64378 757
39008 1991
70635 216
11010 1808
31781 61
70364 1745
71706 106
16914 1460
1544 823
15796 853
86072 787
34932 1688
55609 884
93811 1890
67050 1412
65466 50
6502 1531
92658 1193
25134 944
83652 1685
88529 1058
12662 1638
35736 1281
54684 222
22115 1880
40241 1022
89213 602
286 692
759 1633
61458 616
75825 1655
22985 173
37822 978
72901 451
8447 551
23609 873
21282 1886
30566 705
47095 1303
95661 271
33220 201
48164 522
89275 1158
89425 537
91753 1306
36402 1931
10248 1748
27846 363
6704 1018
15019 122
82873 591
10126 321
16153 1208
65849 487
65532 1571
37058 860
76293 599
71874 610
71652 1410
95210 980
80773 879
35290 1476
1504 91
26693 1532
40161 20
65377 1383
57191 548
24359 311
70300 1986
14817 1271
84953 1561
38896 1457
47463 675
72511 600
53487 786
44964 1102
33204 864
67323 1014
18186 664
28438 212
38565 746
18317 85
46613 103
62897 1506
88804 1234
67141 1288
46396 590
37327 774
68252 317
92762 1580
68346 934
43448 1165
2454 677
13053 1834
65363 1193
97742 1780
28787 1904
30399 411
10367 293
64459 1357
19124 236
49219 1888
68157 774
82658 877
31036 1078
7436 1229
16547 499
29083 1136
75002 316
77600 463
39014 1567
77896 1641
84074 1253
9139 1747
66476 1354
49415 1187
50702 1885
86469 1920
98581 180
89090 1453
92204 1761
50032 1659
49658 817
21252 591
2582 1638
78290 678
21227 985
56771 561
13208 577
62786 742
61193 1363
79504 1599
26862 1926
11169 1527
31213 715
99285 1877
1302 838
28831 1120
86729 1884
5485 769
37810 162
9269 551
4467 1770
95969 1777
62496 339
36783 496
87140 539
72474 250
44790 932
70580 1664
99093 982
79837 1943
76682 19
85314 1193
20655 1082
92045 1155
73604 1320
75357 1672
22511 238
92322 1647
44904 1748
74740 114
78487 1456
94247 330
80087 823
44217 312
14974 581
89850 175
6313 1488
59351 1039
79984 800
80904 598
60766 1124
52514 1969
29886 1232
3941 1745
10442 951
9076 767
37134 1605
90570 395
13531 1643
16057 849
48342 1261
37665 1115
74375 798
18609 1903
58353 41
16571 924
59791 64
77214 374
86862 264
36745 1339
97318 113
94990 436
78541 178
11354 1377
11235 792
75962 1865
13107 535
69030 109
26391 444
41992 1883
20711 617
17966 1460
60914 506
24047 227
97153 980
32145 1710
83720 1529
43246 898
7611 774
83049 868
70712 790
80895 1708
84286 1025
25673 564
89035 493
1041 939
24764 569
70222 815
79527 1715
68759 1382
18792 1885
57842 1786
29318 1412
58296 1310
87893 670
6044 1772
57606 924
42099 115
42449 1941
52324 759
14332 258
7382 731
96065 781
59072 1466
84610 1543
55221 1458
5422 1254
32899 372
66047 162
99626 282
25786 1168
15328 1475
54284 544
4316 301
98456 590
79366 1526
44161 1906
55975 1071
46934 1472
9639 140
70715 1774
21147 548
64991 705
98273 1827
88292 391
97928 710
69101 1725
84987 1464
18866 941
51670 34
58056 1557
34161 1752
4551 892
42237 1361
78316 808
90510 1164
65156 1499
50245 1044
43661 390
55771 587
60019 1261
82143 288
38029 1248
21082 1734
65322 1769
26876 1791
72707 69
39866 122
5464 550
30520 762
69242 535
76617 1165
90528 1025
67587 221
93809 1745
34887 1622
34420 1717
81754 1227
98148 1382
44926 1177
95437 1874
12462 1131
57057 1499
93465 527
34660 610
28696 546
56091 171
54573 1426
11032 656
68121 1344
11400 1320
15199 458
67291 206
96500 140
968 349
20440 397
26573 1995
13888 1404
19372 1351
30535 683
51770 131
66297 1239
48786 1732
69370 1017
39926 1771
1710 519
11655 1981
27961 179
20357 1892
69651 430
89389 1538
90322 134
74025 1523
46497 520
69713 1256
90014 1855
6605 1777
63539 1351
12323 727
8340 1793
24912 560
27762 1158
76886 1614
80252 1397
64731 1961
87860 352
64361 1206
66240 797
27568 752
95332 1484
79468 803
20843 858
79096 1527
37130 1548
79758 867
7423 1137
97701 1134
77236 76
82751 1333
29298 324
85878 623
36196 733
53527 441
7613 1579
62125 250
32459 339
35659 715
85352 1902
41760 1203
32630 1673
56553 1885
94453 1689
35144 1565
83642 504
456 1797
99037 1659
82742 57
1338 1219
24705 1178
9057 696
38906 1160
12461 1307
53434 731
35355 1218
56645 1707
2036 339
87989 1454
58246 526
34783 228
37638 769
74980 1086
2552 1378
61113 758
89353 1516
6273 80
53071 1758
67727 182
78348 295
65833 1755
67073 1141
87 92
70210 1309
45671 570
57545 1564
30432 1942
83082 1491
45877 626
44009 1769
3477 1452
63960 1757
23260 1726
87178 1282
69985 1624
4050 661
20199 1533
22476 1001
16768 1865
55212 1121
19461 1962
52055 1216
94249 630
64741 1596
73515 1631
75898 28
8844 1275
63884 1261
32258 519
45726 184
92995 1082
69672 1920
9975 330
6255 1324
34385 386
34288 840
81009 1876
86561 1342
7745 1665
7511 740
56679 1813
35439 1573
59180 595
62215 1966
50744 619
91736 775
93190 766
46584 1935
75028 1599
97608 279
74503 171
81088 823
33759 1382
6243 1281
71985 353
68103 1684
33594 76
99422 750
92469 1864
55588 48
77447 1536
7780 1396
73329 1657
11747 742
84925 26
59853 964
41867 1059
84239 869
66262 1536
64506 885
9324 1827
60903 160
35280 425
50517 1421
96871 628
26667 1687
82806 1944
79702 1508
63319 1244
49288 1283
29899 1533
28842 1152
27209 176
24195 1985
44081 1509
15752 987
26311 780
29302 181
20949 962
44026 768
38733 713
97528 210
56696 107
99274 1307
18757 789
4473 1598
99505 24
75822 696
78113 1865
40810 1500
26203 1606
85139 803
44874 1667
19216 688
5399 885
48777 1993
12759 580
50818 1362
98316 1692
20625 360
41332 897
55592 37
609 1472
63139 518
5835 592
30458 1180
93838 1210
62373 1811
95293 1703
40578 1601
48660 1503
25555 1389
85923 1470
18824 816
92536 178
88442 1369
62325 1336
29794 1274
67779 1764
79377 1353
79501 423
70301 62
71447 1649
52902 861
24206 1654
5308 205
96768 329
78091 873
97074 1032
11059 537
45315 1655
38003 656
23955 781
29628 620
74526 1
96665 64
36926 533
85577 600
23633 1796
38245 1381
23504 951
9092 709
34339 1530
82736 1855
65675 1993
83643 743
55409 449
84650 223
92353 124
35957 1910
75554 1644
19771 222
15783 1046
58168 171
82961 968
57405 622
88559 196
27082 153
31561 1842
57990 296
45232 1140
1816 1764
75301 970
34517 1616
11678 267
76836 32
64237 1762
86544 786
58675 88
78988 1772
88583 946
97436 1020
98070 773
1690 1999
78029 811
76564 477
758 560
53586 1645
60175 1094
6613 512
58245 209
98109 1463
97124 858
74468 1745
66815 493
8565 638
7338 1459
92780 1628
17766 1173
47269 1993
52447 351
94348 1808
13633 1957
4566 1113
17522 1377
31652 1537
83135 1822
36669 637
37306 812
70448 1484
26690 821
89526 1645
25850 1801
24022 115
25959 1416
46607 1953
24692 1362
14010 873
46483 619
26896 1121
99111 299
88456 858
87526 929
65372 1319
2865 61
92600 1753
94633 1562
33623 700
16953 516
48931 1218
29096 1327
57500 1655
21370 760
80333 525
84233 1002
63372 603
82661 1056
26348 13
77852 1520
45323 832
26709 949
60728 371
1004 107
43239 1209
13544 1780
88962 1616
19511 1545
79019 10
30849 1562
26672 1026
44046 926
45838 146
30004 126
9407 1104
20799 1560
13642 1891
59896 163
35971 589
82072 307
88055 96
98457 1434
41034 662
16836 1873
66629 1974
12298 1577
66488 1061
80974 1447
82272 1166
71737 12
98505 399
24678 400
34045 1538
19394 1092
32724 1113
79013 1498
58460 767
27105 1505
90505 601
26253 1527
22027 1802
47128 1131
87612 1666
18915 1397
38731 541
68712 101
37068 1125
4022 1328
88525 1659
65831 240
83252 1008
33904 816
81479 632
97589 1481
32227 258
16729 1043
30456 1038
21960 1823
87338 332
37119 1915
58945 396
74197 217
59984 279
31882 1274
89799 1310
64328 416
42317 899
92694 872
76959 971
33345 960
58728 959
52650 1212
35593 1655
34520 266
59706 1427
5639 1531
67650 469
77720 1234
65461 1105
83350 1715
11780 1057
97771 710
49958 1304
13988 1403
3438 1189
89703 1024
99406 1139
21506 486
30558 635
40961 1850
69460 531
59564 1631
49742 543
85580 1216
52016 445
1043 1415
61878 1612
43974 835
84937 960
19552 681
35617 631
4751 1994
24415 398
64200 331
35376 1084
80998 64
43199 188
54819 1967
73104 891
50525 325
63558 274
95848 886
30385 1298
91196 1469
78927 865
34268 1707
