8452 354 29137
19440 1378
85892 210
42894 210
85561 179
33942 1042
54974 672
22059 815
6575 1932
25326 619
39170 1537
19024 1757
70026 1797
78857 24
9155 702
6474 790
77687 1201
32888 1684
62434 536
38494 1827
71705 523
45029 1693
63355 742
49738 276
7643 1951
57546 987
62769 930
33905 456
53330 42
76757 1859
61711 197
30534 773
35144 381
9466 1621
76362 1434
45092 1559
74328 215
8772 1049
1021 1617
2362 260
21856 1919
24533 254
96558 1022
6452 392
89889 1711
50971 777
87280 1661
19517 1093
23410 785
83242 606
48832 1139
32049 1623
44340 889
82936 1316
14121 1347
23661 977
36211 1350
62766 430
73805 785
60132 293
55684 1321
33135 1652
49319 1110
9431 1979
60134 993
62458 1446
95202 965
93922 1492
21194 419
76193 1470
90071 1683
77774 1647
57255 1474
76584 134
50833 28
78532 1477
62596 1485
54169 599
23425 93
79286 1039
4777 1478
74991 253
81960 182
46265 939
30488 1481
70258 1795
8538 366
43321 1311
29160 408
13165 1316
23689 673
17329 804
46057 1351
33918 1733
47272 1415
24944 798
47400 664
59644 1437
78742 530
63407 977
88321 1568
14563 1598
36054 819
7244 678
43970 597
3087 1241
39901 588
11926 1143
64475 654
56395 1244
93610 78
85157 606
63574 761
45376 250
5696 1737
45077 1688
10520 1234
77807 1131
91735 523
38795 365
65367 1210
27444 1075
43424 1808
72650 475
35158 476
36248 1938
28530 602
4492 1735
29448 365
79507 1496
23295 381
63132 1196
88685 1726
71342 888
22325 1216
84181 1655
86134 331
97560 1138
22641 492
48601 942
68882 136
36208 1615
57718 230
30424 511
82292 1927
86668 1749
14787 1191
86310 484
61283 874
49895 731
8228 470
46208 507
29022 879
26030 1057
54459 342
58570 1682
1311 1801
20890 856
13026 928
60016 1282
94622 1770
11229 508
57211 1808
19766 365
15613 416
17354 1529
23361 1643
38910 1297
67437 107
72003 311
24609 1082
21936 1487
37392 1379
11162 1581
43306 426
64624 1552
68461 749
66952 534
1892 1279
27788 1687
15723 345
39858 1837
35860 38
16874 122
78163 1327
48231 1328
36369 1063
36583 1144
25122 1266
75778 893
23998 1308
98146 314
78704 858
56828 1694
91312 919
74314 1788
6139 1724
68946 1352
17789 389
48852 112
39762 1965
98862 1265
25421 1667
44117 490
81946 1874
22109 1204
64609 137
67966 171
42270 248
26518 533
67521 378
98560 1823
6086 736
74587 814
11443 1290
51901 687
35896 1751
17631 1717
24335 1750
60740 1607
39715 944
80641 601
98658 1929
64513 1897
37061 1502
51158 324
19769 1593
55348 373
26556 1954
2627 1296
64356 1745
36526 909
85233 485
76623 1563
15969 1870
24936 132
62830 464
88280 1187
84247 1567
26719 908
68899 173
96860 122
47781 667
93489 670
49237 1193
38646 1955
35924 1599
13993 1140
82089 166
94280 499
50144 129
23878 943
15898 493
42585 465
82733 1821
4984 1091
80788 1567
84818 154
23789 1439
75695 1583
63209 647
31406 1786
45579 1746
58549 444
42491 730
43612 1214
47887 270
94258 1444
67264 314
88621 453
14201 1917
28846 1260
83935 994
86749 900
40304 1316
93044 1452
6405 137
28557 1182
90990 748
8031 1652
26713 375
30926 602
2964 49
21780 681
80495 787
35131 1907
10381 579
49140 622
62013 1217
76939 1625
25311 1690
37182 823
27309 722
89444 921
40186 787
58485 1684
98044 1144
19229 1235
18354 820
21087 121
20747 1204
7946 1162
21222 755
83661 1338
65361 1377
37059 351
60744 1994
12611 1591
52019 418
90989 205
53068 175
93345 1090
10203 1099
97167 1131
97176 568
42485 599
229 842
19119 743
27772 1081
19109 75
35609 848
7887 1998
60970 1684
11360 963
71141 1399
3787 1156
3956 788
53773 1809
8109 672
11989 1370
40683 1614
31199 882
44381 1209
50028 345
91991 1822
12177 632
61456 835
14872 1595
70983 454
66857 78
15668 925
44442 256
9915 408
66248 871
76118 1946
82939 516
33298 1630
62535 1201
8181 1977
82374 1621
79547 419
52489 1971
26205 811
81349 1552
87610 1939
86199 18
74624 841
95155 1168
15816 1445
91599 174
78387 1642
7593 56
48694 1492
83745 398
75583 1037
79756 428
79099 1293
31293 1456
64967 1933
38363 1718
35658 1681
64442 1359
28886 141
72694 1508
55960 785
42035 1996
19157 1912
67325 120
88492 1411
37428 600
16321 1177
82225 1012
95933 481
42195 1302
7904 614
73070 1394
59751 1149
14578 1933
75514 1794
50199 884
8569 764
13847 778
25894 1725
50358 1733
19891 141
86615 1896
10471 1590
6294 1875
53411 80
52549 1950
23658 82
6033 916
12294 1267
74836 298
18974 312
64758 436
90093 1017
60580 1727
57222 1157
7533 1260
55320 1359
5356 1223
38878 1558
65344 1109
34304 1638
72068 84
86107 1661
25675 357
82701 734
15578 1491
3664 1963
81670 1535
39053 378
38022 419
23262 1616
37183 1439
43821 1623
21424 409
42083 1391
68215 493
48556 752
18963 1805
83946 746
55548 1884
14274 707
33137 1040
49952 1298
89048 1039
1950 75
73608 454
29489 512
74646 1855
37600 98
51679 1071
29716 983
86441 774
47197 1492
52163 1461
24732 195
50882 1793
42641 864
21567 1037
39074 1063
56725 1650
69279 677
42699 647
6161 1467
90952 651
54842 1444
5592 129
72184 1814
29124 950
39188 951
45690 368
57437 689
92429 1654
91358 941
61409 734
59569 1693
52863 1765
48605 407
11623 982
79261 1791
59542 995
69277 168
67233 1911
22388 991
74390 1203
3322 835
53135 1115
27193 466
7029 1163
73049 1934
56501 1919
26924 585
25961 1143
66963 907
9150 1737
76313 1627
52943 1061
31001 984
53961 1029
87432 212
11381 65
50036 201
48200 1886
16896 1347
81598 1299
13317 368
59209 1256
60488 419
20117 411
86409 1216
34692 67
77052 1977
90788 167
35210 1353
14186 1413
15890 1392
39553 1832
49434 934
59809 26
87265 564
72575 1074
10530 1837
25357 492
29664 88
17249 1340
17169 288
45023 183
49569 1197
86692 461
24066 574
71153 1123
36409 1758
7556 1128
44643 685
80008 21
99093 946
92513 120
77114 469
38934 1047
1209 1935
99668 1595
55902 1759
92770 1078
28830 1390
40007 1974
90492 1832
55934 1435
16361 1869
74415 1355
68143 1464
80987 872
68719 827
15108 1749
20230 868
35530 442
37079 1030
56263 275
43936 23
41042 92
31292 1746
6087 1803
83207 1427
48316 1229
17080 851
16489 1554
30068 1063
19810 1310
58027 1882
69478 1361
65501 758
74523 1447
71406 1985
36516 1375
6665 1347
83 572
56332 1514
48495 436
72944 1113
5011 1681
24503 1620
96983 634
58700 1581
41898 1467
89778 168
73317 1418
57245 1550
32261 1852
79868 1303
54102 606
72909 804
56333 137
58588 1636
61905 1397
12935 438
23301 375
91146 677
65880 249
23041 689
87010 310
808 1981
84670 1019
37759 1982
18623 10
31064 508
98905 975
25176 134
20108 1664
31355 126
36227 532
84509 979
72880 1876
53919 508
9409 1685
53294 1146
59947 271
38927 777
72388 593
28916 1932
1266 1918
79318 940
99624 189
12033 316
59438 1435
8805 1157
72418 1871
83233 102
97763 919
6608 1991
74068 868
73740 1893
74472 1302
66830 166
56791 1869
58533 100
92484 1413
20917 211
26452 1412
44895 601
79866 393
92799 1585
25982 949
78252 1607
99033 1022
15021 1981
57892 219
24557 793
19998 587
12429 1091
49258 1974
6937 7
90861 1991
38470 1937
5310 335
64161 762
62140 367
21908 1041
70466 1995
73864 1408
26181 287
24061 839
78115 1941
46222 1616
11552 1624
36336 543
78468 1608
63164 840
23206 742
19961 1343
6334 671
1842 9
44793 1096
63618 1179
72781 325
50463 108
44070 39
61397 1159
79977 351
30097 1597
3306 981
59295 223
37151 1687
14800 1035
17203 1097
38549 1580
99611 1731
95736 1928
46100 1611
90294 1891
22835 1755
86870 355
29431 556
58116 662
6970 493
81639 960
29843 311
25623 1689
96205 1590
16132 1209
45356 1918
42770 990
43961 470
11944 1896
67591 968
14859 893
85122 221
7617 245
94129 516
23587 1244
31692 1265
21605 63
23913 765
62486 1092
91858 647
66337 1467
60949 1285
32416 865
44611 1737
6000 82
51845 1421
60266 1982
74280 1732
43826 1959
61951 958
10806 609
77275 1943
13759 1239
96867 471
48531 1246
90455 1613
33334 979
47596 719
76282 910
89331 272
73393 1713
67428 671
97806 918
23498 275
50460 588
77633 388
14360 866
49129 1414
15200 1870
20897 1319
16818 1077
29766 230
42122 525
2812 844
44856 336
25723 398
79585 250
33448 1662
69113 578
1837 313
68466 1715
70402 1523
45174 45
60244 1275
23210 1733
16884 1240
19877 1282
98443 61
51976 1462
47794 738
81451 652
91127 44
58054 1992
27437 1817
28384 189
82094 937
4843 1214
18040 1990
49441 952
55747 1956
98115 1065
26024 879
77883 956
85039 1269
84558 1552
12352 1976
59092 1606
57786 1702
49474 1111
73350 836
46204 1851
72486 775
29246 1109
47757 1143
97330 825
44504 987
26403 1529
67713 917
79371 499
74337 168
61500 30
90732 1476
78823 909
18847 139
28508 725
52098 816
1411 1824
62405 345
81522 1358
66372 338
22902 250
12979 991
24884 805
28471 1518
89749 728
94508 1519
59284 967
65449 186
68436 31
7337 1609
20847 1301
12658 991
92145 1187
17798 519
35847 652
46472 550
36721 914
80921 524
46059 148
21654 1616
37907 446
7200 853
21658 1053
97767 39
57506 97
29601 1505
3082 1702
98946 178
4855 960
76521 1236
10931 1077
25179 1590
83267 542
38288 1454
22457 1754
70717 829
78133 1109
46077 1621
55287 297
13960 86
12379 292
80216 197
95480 906
29195 241
452 520
88123 1541
72879 877
10286 1952
89549 923
524 556
33816 1209
6359 1954
53138 1369
22972 820
22235 1539
35500 399
53064 155
69312 1745
80706 586
6433 22
56165 539
22675 212
15994 799
9687 699
9083 1908
33821 1857
62552 1481
13119 1913
20631 1604
51334 244
48873 1892
35291 1207
29164 1118
88643 1094
68582 708
24775 937
37764 37
28122 1068
23125 989
54761 467
46785 1437
85036 887
30373 774
34812 1227
4009 1272
87661 548
4094 1211
30350 1993
11965 664
90894 1461
62638 621
91020 509
87843 1050
39799 943
2934 368
99243 1977
19964 722
40780 769
42528 429
2172 1907
34476 1720
60508 622
26773 586
84444 763
74869 1522
62399 519
6669 823
12537 991
57366 1401
27995 1575
74470 824
25481 1842
51112 1796
57286 1967
55314 1930
19584 1315
75213 1198
86842 1555
91441 1948
17014 1642
30107 1555
89091 48
74579 296
29571 560
2202 1074
89073 1857
57246 150
24153 1478
17610 1340
29588 1109
60583 597
57226 22
6497 76
72882 83
67133 686
21913 805
77554 1189
75548 1160
52517 177
88744 441
85443 1574
5965 613
9062 1586
98400 526
29804 1702
79964 810
93350 1102
89662 1725
63102 1731
64501 109
8158 1066
71650 422
39603 1042
96899 1739
47737 1300
67525 88
56820 1337
92719 1257
76913 1455
15249 1905
48648 97
61600 991
17012 831
55785 1189
61640 467
36463 444
37545 1527
39822 926
40631 872
93137 1496
15954 1575
28214 1070
23546 1341
5057 1003
83867 832
2278 439
11841 711
64605 725
92022 154
33122 1384
73056 318
12494 1611
73674 281
92030 92
84166 1042
10692 210
19343 106
32878 15
6192 494
43706 1333
50798 1643
82106 402
64744 962
33237 1922
52780 349
32944 1623
8323 456
46205 1795
96035 1680
4371 1414
18071 855
15854 504
565 612
67717 433
84430 1809
50025 878
45572 48
36514 780
50130 1330
19634 198
73906 366
84443 1932
72938 508
55876 1132
26587 1962
47510 1943
21833 1396
77199 1274
21549 1088
88331 1976
8424 729
57185 596
43302 1480
86169 1955
44402 565
76208 1791
60252 675
61220 1642
15240 1909
68100 1556
84956 171
51037 1049
55939 846
49293 1744
17034 690
46819 840
78366 777
43287 226
60545 992
14396 1781
8638 1233
71831 494
73207 720
17670 1138
71898 982
43178 1580
67613 459
17222 1535
9626 1097
17685 1238
69933 1410
53402 282
68485 719
24488 565
74464 291
83839 1505
54912 868
69178 980
75957 1685
2418 863
53969 904
18837 1559
42484 769
98108 818
77691 93
90583 853
36861 759
83224 1225
17883 670
32965 1946
34048 597
1100 273
8176 1440
82268 1365
61538 599
44327 458
56487 1057
47463 1417
71736 1257
31612 135
70622 254
45427 1999
54975 1464
50498 123
6923 1070
1391 239
555 662
45714 71
90352 1695
81680 1170
53514 1748
18449 751
19318 933
75595 1148
49934 1991
52983 649
40376 1025
94806 1456
15505 669
96065 1174
67406 1931
14369 1947
92110 496
95421 1854
17864 1451
10269 1633
91934 1719
29017 464
74878 80
39101 1466
63118 296
18359 330
55622 1561
29505 823
87393 434
79312 1853
18435 904
67100 1520
17007 1181
68317 1941
63504 462
80700 1862
68059 1664
27602 1548
18119 1258
32221 829
67795 1441
54864 417
82659 1616
67087 1087
74810 1151
94902 1154
88079 565
28006 1574
49816 424
1117 1036
55975 941
10756 1642
70514 1346
27103 488
64128 1822
57522 702
38645 582
40998 1994
33349 19
49892 1737
2601 1695
72103 57
69736 145
9978 1088
26675 506
84165 1263
78222 1294
37581 1162
94960 1923
43704 604
41483 128
81336 572
34738 877
40263 1446
18487 1603
3311 992
4203 697
69663 947
69604 1281
84936 1638
58784 1113
79523 205
99582 1801
82694 1321
18684 1613
98561 905
71233 1613
87040 714
82760 233
70993 1725
43062 662
83690 186
51215 1966
52889 633
5148 920
29259 789
66196 899
26446 1428
51682 1535
50753 1872
52694 678
87521 1597
34634 147
95900 1402
77276 1802
33950 1559
42711 36
5474 1898
51061 1703
97128 102
22241 668
25764 1528
61854 130
66655 1519
44903 1245
46034 1961
41829 1776
6786 1806
66150 1704
26486 1008
61564 1906
91802 140
75822 1985
24890 1425
30389 861
47476 285
30904 1865
88848 1262
59194 1900
86606 1744
99422 947
56316 1738
39448 879
99448 287
51125 459
21653 241
14418 1520
5266 1724
49658 1171
73290 692
72477 636
27948 1865
51258 933
79961 992
3230 397
2061 1696
23081 1365
16592 1000
8002 1131
65127 571
39054 144
2774 1115
93591 807
50142 837
7897 1295
4525 765
37689 1974
85012 769
48244 398
32378 1570
81117 1285
95569 1806
25628 368
42258 1621
91767 1217
68359 963
13681 1179
67240 490
72168 683
57436 422
6439 83
87457 378
77411 504
87959 1858
76104 883
65346 1962
64295 1031
38379 123
85113 520
14761 1173
18572 1670
62667 335
3480 1261
86647 1070
91777 1827
50651 1561
76809 1023
14744 1192
93725 308
13294 1760
31566 755
26050 1131
43134 1115
60615 1362
77898 793
75906 673
59020 14
57741 1980
76818 425
65702 1280
90578 1427
75032 1784
28056 1775
40533 1121
8291 467
10943 368
35098 328
30171 489
13297 898
61376 209
2908 6
28897 1494
95080 367
156 362
30766 1494
93929 1968
61111 860
13575 567
18458 486
83978 737
44960 1864
93206 765
53307 881
45102 1841
53060 256
8055 271
83836 776
14681 1526
81981 365
43399 1044
91160 1939
47228 1581
78737 710
56422 1361
74910 1633
17350 416
73630 1543
41992 1963
37481 817
13652 48
75842 1021
71769 1567
99975 1515
99969 1529
94253 696
42734 1128
35048 1000
93288 58
60383 1652
91443 717
34350 297
33815 1438
58917 133
1512 973
45282 8
40379 509
40528 397
85543 675
77824 172
36546 814
28420 1695
37432 1775
22438 1703
51674 1855
68441 777
67172 845
95961 1448
12405 1984
82325 1166
64049 1046
71336 1357
91253 530
87171 300
58039 1301
34702 1751
21868 219
19814 1536
90305 638
50231 691
40717 1416
29626 500
85613 1389
29510 766
96782 6
59392 748
14530 230
98595 695
55415 159
50022 1805
3330 609
99230 1176
60731 1538
55464 1553
99377 1823
32991 1249
40824 409
86384 1186
31382 285
30491 737
48894 264
94046 916
83151 1485
82090 486
41381 1529
16329 284
21304 530
97193 1552
6753 1753
35385 137
65126 256
24516 1710
1304 1823
22439 484
66587 988
72737 477
62093 660
17456 709
23277 340
80683 747
89407 994
48332 1849
14942 1225
61109 1081
75292 1953
42566 1920
33054 1574
64014 5
10161 44
72843 1699
34930 522
43820 460
24686 873
93586 1083
89140 65
24429 417
62991 955
42762 1860
8111 625
54024 294
64728 1196
68077 511
26415 828
52603 189
16643 450
28182 443
58663 316
58104 562
84378 999
63212 1737
22351 940
99201 1835
4289 434
65170 26
16413 677
48009 1466
99007 1762
54423 26
42420 704
19604 941
56869 1533
31344 26
96752 393
22713 1327
36378 1553
88781 1008
40119 1424
46676 904
54300 1081
8636 1961
58674 211
4788 1175
1759 1225
37706 1914
32682 39
92058 1532
86857 1780
15761 1366
11506 1946
56403 415
44061 517
18400 1111
79815 1378
51335 1507
51466 1449
64547 584
94262 979
34341 931
97726 285
89403 438
96922 1815
19755 1147
11728 279
65780 854
40496 791
31667 444
50525 1413
75095 1334
80058 22
93897 208
23538 1176
39274 1266
47411 1422
86265 1314
30438 290
11204 1455
45603 620
34305 1980
16547 946
15142 1965
66957 1211
79822 1999
81159 1795
85741 1388
78953 1923
31562 1644
66128 1637
65821 768
70172 1444
9682 570
75812 529
82878 890
80380 1276
67531 645
23971 1748
97192 1209
88296 707
16663 449
68083 74
59529 971
70767 1424
88368 492
1462 1316
543 143
55698 957
52048 935
25305 579
21813 1883
27618 255
8647 1914
87245 1887
38609 319
88219 1595
7745 1889
9154 728
58144 303
1949 1836
4795 462
79306 741
91626 1457
14932 552
16493 1401
47354 122
43762 1329
29814 1591
3464 438
48751 969
62082 245
14381 501
26738 648
85841 1752
75681 1409
49830 777
91124 433
29410 1260
23414 481
96417 78
56327 206
10662 839
68960 335
40568 234
31704 505
12908 1768
27774 1509
27934 1032
16402 1075
83334 1535
4158 849
19996 1173
31876 885
84470 1710
7553 103
20080 495
899 1253
23957 922
95672 865
3166 1802
50274 1006
38390 1783
53358 507
35004 1074
21624 473
55084 803
58086 820
41893 94
11968 290
92404 1776
55346 1839
30242 1139
52141 874
64766 1268
69981 552
70619 751
30606 1108
39979 821
98068 861
22916 1405
89588 1906
72192 16
54829 672
19277 408
28522 489
99174 348
10219 1806
16886 1774
22177 324
2731 1657
324 565
32431 91
85010 1255
25125 127
51416 679
93667 459
17890 965
6583 1571
46667 1195
44045 1853
15157 173
98462 377
23969 1980
63393 1396
33641 224
61649 280
48658 1966
1564 830
970 72
40791 1162
15457 1788
98316 175
94576 1598
2168 1519
90054 1879
15431 203
58705 1189
39557 1788
621 1893
99793 26
36179 416
22620 926
6514 1723
8521 1694
97870 1729
8439 350
53991 1507
84386 358
73550 1782
16876 1437
42204 1700
20874 1264
18225 1964
58972 52
71307 571
10641 1608
47505 1403
69213 1818
54319 1777
66869 126
33608 1276
89138 1670
496 1738
87623 1294
5954 1650
18486 47
93817 285
70348 337
40497 1190
55179 1768
97817 156
40005 1030
8940 261
27447 191
79913 66
43206 1608
4497 546
45426 1957
56384 757
41966 1221
7025 1315
2842 1252
2828 1079
42482 348
72195 1668
15228 891
68626 241
55819 1201
90048 1366
46123 1557
86697 1157
58165 871
57494 579
61384 1321
39389 852
96135 1503
14837 1359
71373 416
32381 1158
69098 481
13889 271
360 1282
44845 431
67119 669
8182 1652
80142 1356
60020 1384
48547 1890
40962 1897
28463 929
49551 1888
88540 1738
1124 1603
68052 1148
89376 1222
45217 825
69075 1641
47184 719
303 821
9692 1270
66705 721
89322 1437
35553 890
98494 440
57142 1475
63056 550
62616 334
32029 518
40997 1348
62646 1647
5496 105
24721 557
86483 1320
67889 1777
12785 174
31916 907
14298 1194
56671 2000
33093 1640
72610 251
73681 1513
44594 16
39303 825
56593 1588
18383 1318
62145 1866
26564 1486
11706 541
99406 275
85235 935
53448 259
85808 1716
10089 479
18472 157
71216 877
78714 1951
3589 279
20005 298
34495 655
65164 1420
77477 1312
78017 1363
26635 109
68542 154
72417 1022
58001 1272
83234 913
66048 644
95326 130
10414 670
47318 1313
76153 1894
59979 1729
36837 408
96044 1494
15191 230
93488 1692
6046 477
7666 642
6489 669
82009 162
8411 938
8938 90
7843 751
1823 1678
40614 504
64323 1822
43499 1875
37031 990
18063 1824
7528 746
19890 730
30686 796
9610 904
42267 1991
19102 161
94497 1729
29655 675
28776 1608
10637 1677
14049 386
58444 1734
97054 747
26419 626
95673 93
76264 455
82437 1479
62042 57
60705 597
9070 396
67261 1130
3067 547
122 1887
53120 1516
89769 498
61 783
50446 1435
32041 1661
57343 1613
74204 1709
38339 528
39847 1037
3777 223
52025 722
90520 1855
16944 1885
91077 1879
65433 114
63434 1574
77728 14
31989 220
38458 234
71322 1773
10711 302
26883 1078
92896 947
61522 691
86700 1204
51331 1941
4814 1096
45470 1468
66061 1226
5012 799
80378 837
10592 1359
17532 771
47705 1420
83494 1008
21413 1437
30016 128
10482 382
1717 126
31529 1061
62634 453
5728 131
31279 644
46386 282
77905 192
85234 1330
83624 1002
68332 1939
23509 17
62069 1081
98621 1931
83625 448
746 284
19776 247
15426 863
72978 1349
51033 1662
54002 936
25861 981
6251 818
52423 781
46473 1107
7542 791
10804 278
48049 1422
57743 1371
84288 1197
19276 80
46089 1834
55883 1339
44274 1062
8942 1535
84270 108
13927 968
94168 530
78351 1271
9559 1658
77318 1666
34901 51
8505 240
65937 1784
89901 1317
45867 151
24019 732
51376 1178
62768 89
94327 434
91530 1554
73479 1900
80567 168
47545 100
85856 1026
54161 1052
24477 896
10829 1265
53223 752
43648 624
10855 1522
70158 1223
31976 1141
53904 1082
42435 1983
40847 1713
39579 1019
91583 367
29899 697
53104 571
2798 231
73066 1533
66513 1274
91436 1053
76902 533
27461 1172
68096 470
98118 1410
51296 478
20116 1028
38726 1745
38075 1275
17931 1795
28184 996
57745 584
47281 1287
9081 24
58186 445
78665 1292
50714 637
95694 1625
44438 260
47090 123
99792 115
37836 156
49374 877
4515 1805
94926 1965
87476 2
47068 1839
6185 1779
45070 1183
90963 1521
66430 1480
2264 124
32133 1434
64644 938
44238 837
26833 1068
75070 1066
3481 610
13146 1207
24672 414
1043 778
97454 1439
6953 565
61208 1534
1836 194
24138 782
61998 842
19116 1712
22330 1327
37992 900
89712 123
98439 1511
34150 948
91263 991
21384 787
63156 208
85569 1693
40484 144
27781 1966
22178 1807
39290 1949
58512 1078
74267 866
38993 353
92021 1095
87761 48
93731 988
42919 1386
61680 379
70997 1363
8080 519
170 101
99612 1148
79998 453
70471 1326
72305 294
71909 393
39418 1237
89321 494
23423 1008
30052 513
85755 1975
30447 1212
69316 1722
64112 411
81462 1894
86760 1476
87037 354
17737 1545
63534 1309
61806 826
45876 1240
2697 1178
50524 1232
99742 1654
43731 411
20988 1927
12704 673
25190 1874
62668 1752
3429 80
35830 1354
17614 1977
41540 730
51100 241
67807 503
2793 1111
8778 1445
46644 1842
76395 49
89370 148
82068 1046
95162 1605
24095 49
66503 279
88694 191
94651 1276
84575 1810
28546 1619
75278 1039
10922 1355
15712 196
77330 752
19526 1375
20547 709
38867 444
73760 271
94636 1544
17750 1174
93320 312
31764 781
67274 1323
93836 348
22936 1043
6029 501
34724 1486
78897 1853
37436 198
45088 124
24846 1787
13229 1932
65555 262
80432 1373
70302 1646
34020 484
8096 1875
66356 1877
76107 500
37166 1007
56137 134
28235 1501
92215 296
25448 789
20519 1609
33173 886
19967 191
17997 581
73116 52
70856 547
97600 704
84763 1246
18146 1082
77393 1185
33885 1778
80857 384
46442 814
21080 1384
32278 1234
89118 65
97258 514
55265 1191
82331 411
72115 1543
57290 1100
99774 1144
19266 327
22196 1979
36553 326
91174 1213
26224 1533
97388 1766
27472 257
97892 1826
83508 1144
9989 1995
2968 1754
89818 1488
10593 1143
38434 1756
10158 217
23980 1467
90702 1364
61653 527
29451 284
26627 1899
85201 1094
68615 1461
85742 375
33549 1477
40557 1480
4236 1546
22205 1115
18137 1911
30811 23
33018 1094
89746 922
62051 796
87302 31
99551 281
77181 1101
83152 1806
66791 810
6460 582
5033 960
27156 1813
60410 806
49592 1797
1022 962
19420 1925
123 1541
57564 1546
41919 257
87961 1335
22536 1287
65909 1306
92438 1634
40333 693
56845 1638
19032 1025
16495 1939
20969 4
91797 1866
32999 1032
2087 33
92150 70
77137 663
71995 126
68680 1519
68876 23
93538 963
79209 2000
5416 743
99827 77
43279 1584
69254 1064
37204 1578
77645 673
4662 364
25943 1439
27016 1933
18305 611
42265 258
23554 441
79594 1212
27231 150
99522 1380
40423 1208
34078 1500
15560 1252
78322 288
91635 83
26414 1455
63052 157
12732 253
37410 1786
36322 441
89783 1524
3997 630
32736 236
47718 1477
36895 1116
73103 1636
29475 1733
17357 576
3474 1883
63918 1587
85621 126
28136 628
54568 1286
99327 1099
46297 337
15589 1790
99133 1161
765 352
69854 54
29386 498
95427 1199
41567 425
915 758
56117 868
65524 384
54021 511
29170 1817
61331 967
39443 1300
44686 1984
21530 1500
42203 323
97274 1359
6113 1168
58406 77
19324 1398
87205 1516
50245 1709
89680 94
27568 1215
87564 156
92898 1165
11882 1763
90204 740
4156 1338
91757 1829
58680 110
34207 79
85497 1266
50986 1071
50611 1266
38589 1652
44813 1133
43822 1115
39781 1950
59497 346
61241 1184
7360 444
39865 764
14038 280
47768 1799
40272 1782
66129 1240
31505 657
19376 65
70201 706
42547 1813
84322 801
60425 536
30119 274
267 46
13696 1413
97944 1295
92991 682
23794 971
39191 1665
69577 1000
64941 537
61643 1495
74609 1969
86435 1363
54289 636
78693 1517
97629 617
30283 981
34700 443
92940 417
53543 131
1473 1245
23745 1157
99397 1730
11673 1781
59185 1604
97493 1362
1240 1612
93862 949
31423 1330
34188 253
24543 1933
38956 452
55811 1562
31560 507
80220 1885
28288 1643
6674 1278
36219 77
19026 774
55375 1825
17316 875
50952 607
59051 223
64541 1110
36724 1211
38241 691
10436 1324
48247 1302
21076 106
22164 984
58181 1862
16341 312
1195 141
41943 712
70485 1234
64523 793
43075 1704
19921 1885
67106 1473
45499 1666
23289 912
23696 103
14551 184
4591 684
82471 1097
51398 1856
76581 357
99660 28
54052 1958
27494 1587
86850 677
69052 86
31763 339
97491 1930
35971 800
56083 356
3072 1321
86333 1669
53806 630
15754 1811
68708 340
18205 1340
96744 1056
97483 1050
27820 1416
53492 443
64451 988
48327 1639
53901 146
97470 1474
45213 822
43415 1540
89070 1131
94125 1203
17126 1406
71529 1327
58892 543
78032 1866
58739 1049
96721 1227
16788 1923
3640 582
82828 156
75392 1582
23143 855
96402 253
86933 1304
39055 1946
60821 746
29641 107
96250 224
87282 1129
50326 1361
72855 1559
23372 1232
21057 560
74751 1386
29101 1788
49251 1752
79197 249
25578 854
13799 311
84849 300
65349 588
88851 1254
17349 1361
8495 1833
17793 493
69699 1910
76832 1390
94306 103
72084 444
75329 1363
45146 374
59617 877
61411 632
42332 496
56722 55
21219 611
1362 1728
54901 1467
71915 1715
95595 1451
49691 168
98652 1065
14168 1608
77867 947
24795 1743
15086 513
44347 1611
1973 1024
36000 1484
16311 1215
48600 1956
5798 121
53897 68
35199 1702
13714 502
55983 1979
4678 1912
49846 1974
83122 1561
10443 1661
22082 1991
77310 444
96923 441
93225 848
3599 1259
33447 1258
76522 116
48461 598
18128 1296
81770 419
85132 1846
37768 597
17601 435
7772 298
10452 777
31191 688
11631 892
56989 359
50739 519
70457 13
7340 1859
63775 25
76681 838
18774 1484
31590 1327
99044 850
34682 818
78179 1986
96430 880
91108 1227
97733 694
6877 682
76503 834
86545 824
91730 640
18078 803
56559 1052
73228 1364
34818 1069
41324 668
93974 79
98192 1615
33320 1242
24600 1303
52882 1592
60688 833
55045 1448
64496 355
18010 309
69380 775
69520 1228
80038 931
39584 1346
7046 53
98626 6
71471 1906
98446 757
52689 1771
10754 154
83683 880
37996 357
47962 480
52487 944
23057 1425
19942 1973
20999 1523
83848 523
64708 1134
13546 128
74608 142
93186 250
95098 1134
52650 1409
70960 937
41712 421
8620 552
88544 1900
95497 1566
74175 1301
41728 1468
42792 1269
75469 275
87339 377
52486 1438
34680 104
30054 1551
70324 1917
51822 1856
57532 192
51646 1822
37686 1833
91623 313
6918 1565
54993 960
87045 445
91041 1663
46943 86
61892 897
54119 824
16649 1391
96360 1771
64836 1947
25536 1160
34609 1979
53597 7
57159 851
13116 527
15192 498
65653 472
16634 832
12436 764
91660 1515
14405 1404
67263 867
83584 664
79170 539
59620 250
55115 1288
68174 1304
45497 1543
78381 370
11013 1414
14134 45
90360 952
13898 108
11063 1972
19683 1343
78118 724
94814 1766
5290 32
66975 973
73038 1201
23207 1107
38828 1969
68084 1260
84244 402
97280 1131
27700 260
56973 1274
90737 1546
65478 532
91695 206
42228 1494
81449 1816
40249 321
54714 531
69576 1520
33921 278
54200 1876
11183 2
7281 770
79366 523
38139 1773
45960 680
48976 1612
34425 244
87416 1876
81695 1569
60593 389
94056 1753
21422 556
14599 1828
80340 1627
31593 554
1224 1422
70385 592
68243 673
49781 1171
55074 317
87965 977
40278 55
4018 711
1461 1232
74287 587
58951 1363
72573 1934
67510 1182
93748 1404
43476 1657
19693 393
93176 1875
91257 520
1889 1991
32391 642
46085 37
6295 597
19681 832
61535 682
41362 627
30654 1736
55949 367
70561 863
52349 790
81034 1893
3220 510
10724 279
87967 1666
84795 1102
23153 1571
29395 1869
56388 44
73797 106
69119 1841
94568 707
6297 622
63587 444
44376 817
92248 1782
8680 1597
37820 1652
93037 1674
81979 1613
78213 1138
77847 143
94294 1237
94053 1626
71045 453
16800 1031
82345 876
98877 1519
73238 1441
40546 114
17322 1664
43213 518
86855 1598
89672 1401
26804 1182
74346 1245
24252 1094
59559 110
69008 1173
30136 1328
89679 1953
13726 1890
87300 55
22107 1857
51017 313
23746 1361
44457 646
39212 1274
84861 506
21832 650
58331 161
79467 1666
65415 1691
70346 599
98923 365
81674 967
91936 417
81123 11
71179 818
75082 1649
46441 561
64458 1635
27680 573
55056 1533
62215 1176
38797 1362
3251 155
71411 562
63157 284
26875 1609
11488 1467
6887 637
89673 264
94215 1017
44415 868
72729 1126
29822 1664
98535 1720
29608 1021
96811 1799
95173 269
79389 1918
37354 1888
59337 841
57854 273
64776 1170
70669 180
79843 1676
96684 762
1297 1733
87130 753
61665 644
13641 496
21355 593
51131 1376
27517 1546
60909 631
27481 1218
61913 1176
48168 1295
48267 186
66292 1995
37866 1020
12264 449
90115 1004
74110 468
91937 1785
6004 1996
88392 995
44199 1795
90033 20
65734 1223
40079 1659
26397 1476
92383 1438
71524 403
95081 265
31984 721
96742 438
50034 905
11141 481
83376 1429
42102 1876
87127 852
98602 1088
33415 120
73956 1977
24679 1055
70108 1035
53727 1033
95995 951
22519 121
49550 892
55009 1024
22447 656
41259 345
6816 784
93906 1891
13363 73
99045 1319
9865 1922
22314 1397
74686 1976
19311 557
57641 796
15302 666
4807 185
59260 943
1692 1689
26407 182
9760 1490
99069 143
78766 1533
38333 563
80821 611
68382 1925
75303 1137
78610 1498
10444 1409
57455 1206
4068 1085
5967 499
67882 515
14782 1025
4087 1383
20002 246
98307 1182
52730 608
93708 427
50395 707
35476 750
32539 1314
69208 735
70904 1767
1122 1763
60721 1945
35122 656
75917 1095
80538 1544
47747 1193
95615 1252
58799 601
70314 824
4286 657
70468 1119
38781 654
12487 1609
39786 1665
49442 619
80861 555
13376 4
56037 99
2956 293
39052 22
75333 877
67150 332
5722 415
93326 1661
75001 925
78817 1778
61467 1467
25856 1988
42189 328
40519 266
59278 62
55132 1683
9823 1634
6323 405
81882 589
79642 754
17187 1439
78831 129
82866 1740
79269 412
98072 1073
95279 1563
95799 1942
89922 33
60796 1962
95284 680
93280 1485
62288 178
3810 1159
61465 483
57799 1646
18311 1376
75530 1171
57893 76
46498 898
41714 1446
57336 649
43537 987
54907 868
19645 184
17925 203
49545 1766
14673 98
46826 618
98186 642
10688 615
67461 431
45370 708
13827 179
81378 1566
88249 581
24328 389
80768 1733
64420 275
77261 1044
34585 1632
4399 1054
40208 414
54356 1858
69832 863
12552 1401
25108 899
59655 58
56331 13
4737 124
74343 591
26778 1040
56023 453
24152 1129
67221 350
117 32
37408 712
67824 307
91579 903
19614 895
6268 796
96883 1499
74277 1237
37406 1930
79410 1620
4978 1307
25807 1713
47931 1985
25633 676
99352 1428
2108 371
84605 524
22717 524
39742 604
28161 1867
67302 400
92037 1915
44975 224
48900 389
71548 1522
69418 961
24572 1312
58530 1252
6981 1254
43694 1177
97178 1873
36744 1840
67114 1845
97305 470
616 1861
58600 1282
99330 864
36722 4
578 1945
54820 1201
72300 1654
43816 1202
92610 1289
96069 1879
50279 1305
58526 1633
89654 199
17933 1395
7417 1205
54139 217
37593 345
73263 462
25268 1556
29231 1115
26497 371
59536 1633
65198 62
28356 475
23999 1883
42935 193
60457 986
5494 502
41132 752
34923 1554
9414 1437
13632 327
22756 1244
53477 1856
42943 163
24667 968
33724 616
57701 1051
78390 42
44188 426
2883 1010
27270 309
97092 271
14666 536
27182 545
48232 1009
93482 1289
58741 792
80125 775
80421 1100
54013 63
72502 1525
94531 1974
81206 661
30064 268
78596 1334
66299 1092
55384 779
2649 1171
73988 347
26426 1661
9350 298
9964 121
9643 1921
77210 1550
48986 667
78852 49
63398 825
35620 1737
60113 340
41015 1191
22279 254
82207 10
80640 973
88105 1211
24250 671
42162 1754
66155 1565
2058 1125
51238 1468
59008 661
42123 230
61341 475
73690 687
58802 1762
22030 95
57341 1246
33628 603
6037 485
59629 1476
89471 416
20209 1669
51480 425
92239 1332
30600 1933
14968 344
97537 944
7749 820
94447 33
60354 1523
74949 1932
62026 993
34368 1732
78174 1957
26917 794
13193 7
34037 144
79819 1777
53 1406
90456 1544
26193 534
84121 1441
74217 1419
85556 615
18163 851
45944 1364
15806 1407
93983 914
45734 1917
71481 749
76240 498
89652 766
13456 1608
48521 1584
90077 27
8013 64
72540 1928
60676 766
92471 1073
27380 92
36483 1605
37598 15
42205 1874
25399 1044
95153 244
60639 1650
45076 730
44077 441
40562 212
9718 108
7354 446
20941 1544
5320 394
45563 561
33150 524
56039 300
34354 20
39244 414
44453 33
74617 489
12948 812
35156 1004
27687 443
21216 1181
17348 1506
87769 804
36879 645
45790 1921
99591 695
84309 1974
90490 330
27881 794
3948 1748
82868 1025
5061 1072
74733 1759
49189 593
60197 156
99042 1267
44111 1282
74726 1935
63614 1941
32086 1271
72906 1346
90011 1812
21449 66
47584 257
6547 1398
73454 794
46166 1996
83194 975
83737 27
67924 872
88729 1861
81735 1930
35926 1969
39294 1574
71069 1181
43600 1242
50261 1376
70535 1647
8068 715
73649 960
32724 1052
91254 1948
94375 694
12768 160
70502 479
84783 527
92119 1935
86492 67
59129 503
76015 327
16237 746
27376 1479
68982 1878
52215 1731
36660 163
75441 613
72016 403
98917 1695
36361 390
63053 1836
85591 1804
28917 1581
47300 161
40538 1574
43641 129
59848 210
79368 952
96421 429
44878 1677
47734 1922
11116 346
13551 477
46602 1233
45636 386
73100 1881
12861 1284
2502 1129
45903 555
87257 363
90363 184
58556 1272
91377 826
14715 847
79488 1160
25537 457
73724 848
63012 1478
34766 1088
11207 605
19388 1754
25828 394
14918 1488
76685 877
34576 1069
29473 1056
60935 1607
4008 794
658 482
84143 234
91864 1234
71361 1230
63917 1733
77369 555
22381 449
70097 1843
31315 1344
69446 1417
79514 221
87341 1056
59208 627
36921 1241
70780 207
28243 1998
79349 460
804 2000
40013 21
38919 161
67053 740
31187 1405
96709 1020
50427 1698
61669 355
2388 502
29435 1748
44691 1294
55180 1977
2504 1247
45173 772
66193 1909
67281 825
42887 785
74494 1747
18708 1838
87681 850
24007 1544
1189 591
72709 1348
37576 594
64736 5
89510 427
66374 254
74322 1583
87682 539
88110 447
97980 968
8890 1949
76206 274
12545 1696
82278 753
65627 100
79304 925
73714 690
5423 519
24813 1299
17047 1722
94274 102
24812 1898
33066 1073
45898 1565
66824 1988
41639 1300
31464 3
39648 380
58899 1387
30598 1626
1007 776
20974 1952
12612 289
17501 1877
57959 280
96043 417
3548 1656
64574 951
68256 1667
41757 1916
42624 1545
53976 43
91496 718
12525 1776
78049 1756
21352 1313
95604 454
83849 484
5353 224
64869 1076
71484 1893
4688 1239
39464 1032
48161 644
44079 306
28312 1834
77350 624
89875 905
70266 1072
88825 1418
53521 101
35614 1143
16503 1030
73370 841
11156 1746
85539 1255
83223 1488
43881 934
93884 1011
65673 950
12543 872
28829 581
73130 552
37243 1850
76290 497
39880 216
80269 624
83282 1491
67518 642
1807 579
65741 650
35189 874
57186 765
62848 801
40235 210
32596 337
18016 1520
72531 1156
51419 1182
7284 1999
19677 1481
52068 1593
93135 1134
47207 609
95074 1533
37010 1962
94885 1613
21858 834
38378 290
10132 1296
80748 469
8501 550
62245 1988
72854 984
24709 956
47859 1468
16563 1031
54094 1829
50955 1046
97485 1728
11278 939
1376 1324
65414 836
9870 1008
86729 326
17338 529
53256 719
40258 975
88611 10
60424 904
67211 400
14468 218
59825 1373
52172 1971
29109 1017
23023 492
40703 691
79618 1101
9186 1133
32197 71
67685 1148
70387 655
98315 759
53090 1353
69626 81
7645 564
54027 549
58656 454
63758 251
41586 1830
53539 411
87226 1789
33017 1759
90281 250
26463 971
67657 893
91201 1720
94288 1986
97025 1121
3957 933
14066 1708
30251 1266
41725 818
50178 1406
52429 1910
40420 1266
86496 1321
50715 364
50054 1281
86209 641
73653 1982
7361 1753
89548 644
64633 1124
77600 1834
79704 131
27411 247
60164 1263
61858 1990
39910 1544
25553 427
78310 1023
12105 68
17711 191
64411 908
85548 1924
5274 1425
41946 1291
29343 539
64227 841
93140 243
11348 243
3553 1392
10090 1377
46132 96
42553 141
42825 958
31799 148
54685 8
29377 1128
84607 445
73287 340
30372 26
89884 1015
63124 643
41543 1638
57412 1832
88341 903
49849 863
4568 1139
66381 481
59498 1928
10127 617
45842 890
56321 1194
48062 182
55804 104
55674 1483
65188 507
66092 425
90652 1904
62740 318
26742 1587
77557 1446
64178 836
99823 1926
25167 381
17780 1133
51381 600
5656 655
22174 1374
30921 983
20826 848
68353 166
44355 415
84144 1047
31159 809
96348 257
90364 1964
68349 1944
70805 156
45911 1070
7322 1985
675 1243
78280 1417
87566 794
10328 1223
2166 280
21300 936
16152 1062
74149 1558
20329 1693
2872 1328
83696 472
98492 263
32609 1402
27487 779
7380 549
37100 996
97324 1136
16581 1759
20982 1108
61976 540
14328 1547
97018 1194
60894 215
5634 194
31360 764
22746 1379
97266 588
47247 29
21096 594
73308 243
51047 1070
2665 1680
97512 418
7498 1499
61269 1509
61312 1696
71870 1513
29756 1566
91015 1544
31104 455
31450 1859
79482 1584
7107 760
64801 324
77251 931
37642 1874
66472 1955
1419 1792
13050 721
31585 1910
2188 454
25751 1379
58552 780
86238 1331
46381 1570
11477 1298
87824 802
16149 74
99004 710
6368 1724
50656 659
26864 174
96740 746
96718 1464
33505 450
94748 786
3958 1998
28970 1081
71760 467
4832 1926
58008 279
29861 211
57432 394
17473 1132
54347 1980
79887 1300
80910 1771
69793 604
47147 984
24913 28
66638 1200
39535 1952
76979 396
12856 85
5305 1156
62908 378
37411 1392
32143 123
20333 1741
4132 347
54422 771
60151 426
65799 208
39381 1857
68778 335
79631 159
63865 1166
26093 1666
4768 160
47109 886
18977 799
61418 1959
29471 117
42632 809
13463 1967
91366 962
48810 360
67681 660
61684 369
74443 1240
53930 790
22209 1204
97974 489
41117 349
26186 324
92876 657
37537 1356
85900 1688
93882 1232
94934 1035
95951 1991
11677 1958
53065 1637
67424 865
77236 1378
5859 721
42288 129
83986 1601
40246 980
60812 558
68373 1768
29652 1863
67148 1877
5302 1083
17174 1232
36952 464
78910 241
99734 467
60176 1941
58709 11
64077 1334
340 705
76500 599
86527 1036
38121 1047
63199 953
49933 67
34701 1588
49616 452
80675 1699
10112 1412
65796 897
9576 484
94581 610
43478 465
94317 1031
51834 884
92019 986
76882 1461
1276 1449
32199 567
18894 1135
56541 329
48742 1136
87727 1814
17386 751
50210 1522
3982 1955
17660 1119
10928 304
99600 1903
93307 984
16051 1740
13135 1071
41507 1092
165 720
88125 1269
73655 1966
90557 1414
15164 1267
70313 1675
94087 888
88468 1914
64861 1025
63237 816
25456 1324
63542 1837
65262 1969
72126 380
83231 136
85641 260
56093 511
89832 194
93519 276
3172 864
51700 643
76201 242
57948 117
45992 399
83566 881
14119 1596
44448 935
66708 160
39763 1331
98741 770
29996 965
94690 122
53177 493
17463 291
10027 103
18601 161
95864 1790
69668 1532
33713 1597
53782 1489
17777 744
57460 966
23802 755
22193 373
98738 1598
35417 1315
91620 1073
85368 1093
14398 949
4660 1235
25533 481
4187 960
44971 1761
53292 47
15152 1628
32833 457
41654 684
21143 180
35763 1650
43464 670
80842 1367
90421 1341
75515 1813
68387 1014
85313 1492
44604 1494
25558 1690
86266 412
2138 814
70189 266
41883 1502
75153 691
48947 1319
11971 486
46113 1509
47434 271
44290 835
22224 1222
63903 1398
91844 797
69591 1010
72905 429
53720 799
14828 378
85684 692
94240 1952
20689 402
17980 607
16990 1465
53913 1144
93152 589
1497 625
96196 706
41731 1358
11513 668
38692 1322
94658 1218
21579 99
37949 402
42743 1928
87269 785
64028 1700
7075 1684
48722 763
62655 1880
79572 1570
99835 1244
17524 971
99695 17
76239 1521
40629 1184
42059 769
4790 870
560 944
90419 248
85914 1210
5406 1923
17725 984
42107 570
74552 388
70320 119
43428 1310
84018 775
67822 1424
82233 1512
96581 1986
99274 1011
20518 462
45808 1038
56584 250
8915 1961
93998 582
99887 280
6326 1896
19037 1705
64929 833
1577 1914
32797 1830
88554 1950
44838 960
12041 709
98014 316
68688 1661
95273 1685
45757 410
59715 1163
26123 1633
27426 1552
57512 837
45719 472
55269 1680
87063 1318
63594 250
79531 1211
11255 567
68981 260
62581 1762
77575 1400
61290 284
85360 1446
10198 829
47101 1824
86484 1894
69792 768
2952 553
44030 712
80705 1764
73783 657
46891 979
64706 636
49188 869
59632 278
33500 250
66636 424
7806 796
36087 20
4173 933
70066 661
47120 1824
14395 1387
68336 590
77535 1824
92870 1864
78136 1632
24314 658
55595 1172
83995 36
41464 561
93587 1040
91434 842
91049 1014
91226 362
92731 1185
76655 108
91755 1485
44236 179
67078 1807
40458 1622
69479 453
21408 1459
1472 458
48579 1755
1324 544
75083 1112
72877 1813
44330 374
65097 1002
81811 378
82187 662
86454 1545
51271 1839
85846 550
32063 64
40069 1314
50030 1570
72167 680
47226 681
14870 333
13040 113
54149 309
36775 1443
87202 727
48015 199
24193 1190
1164 1466
96819 1686
23931 110
23355 415
92348 1076
68423 136
85013 892
35197 1506
42524 32
79104 737
68425 581
50738 697
62238 1530
38001 490
35551 1378
60055 57
94504 1137
24483 1002
13419 136
39027 990
58356 1252
80887 1004
27588 845
64129 428
38371 1152
27787 807
99213 1708
75672 906
34115 1224
30735 1476
16727 1926
81682 858
79158 664
17412 273
47418 1835
871 269
45363 1544
26955 685
51094 692
22714 1936
19448 972
2787 600
43125 691
88096 711
81017 1792
89165 1518
96328 876
93016 266
2684 748
7833 852
40898 1134
48498 424
82781 751
7548 1191
33249 1067
6422 446
92434 192
57727 587
21740 1868
611 1562
73827 848
40841 1521
4603 818
48321 370
59109 1729
92936 643
97583 1600
17573 724
59607 625
51763 406
88364 874
35848 25
49248 1671
46779 595
6519 155
5114 1388
61466 825
74906 565
13169 451
47417 381
88586 1995
58223 598
12236 1502
57868 859
46728 1757
67831 1572
86186 133
24183 323
79597 960
72815 903
85921 84
17376 171
5346 15
29085 1635
65500 1522
87498 1918
81650 1390
90282 1087
11957 327
28061 251
98849 393
67604 1713
90265 1250
27942 1459
47454 1634
76853 939
78513 441
26663 1175
29799 1656
72034 1429
40564 843
9043 1501
40188 931
80450 835
62044 1465
37473 654
11803 1196
81010 345
7959 428
59067 441
60727 996
87435 1600
5883 181
56310 1075
32458 932
94095 1990
16865 1936
52557 1100
3728 1377
81192 922
73354 228
48985 1694
85799 493
24828 709
39647 29
40829 1492
57173 1523
39750 255
82957 560
2716 276
50676 441
39442 1100
6069 29
68627 903
99809 1395
67928 1938
82817 1381
56945 791
41744 781
98412 1009
87277 1614
51754 1469
88510 194
63605 1678
17672 1903
88247 424
70021 1299
21117 366
28130 1123
59921 1341
66693 1037
26790 608
86440 1467
1142 1779
20413 105
72802 1282
394 1992
65659 1366
37092 692
27604 987
49470 45
43060 240
91691 1331
46005 938
31898 1781
16383 1198
86538 1989
14485 1834
73743 217
98894 736
19143 911
2321 1873
28146 135
27552 1056
77216 100
44050 1624
7725 217
64811 1563
70187 1466
88152 1213
18436 1232
84684 1502
68608 419
3088 862
45608 348
13532 377
20842 1889
55576 664
6307 544
42767 1018
75226 1514
1996 151
16902 1344
57373 658
63437 250
13301 1025
43005 220
96275 1114
10232 319
76124 610
34944 1691
59560 1566
37617 542
82289 559
79106 964
46151 1227
38816 250
35983 1293
61505 1194
90076 750
10159 1792
91316 1246
42015 416
67377 1208
58557 1399
17642 1798
28670 1441
18768 1682
743 1029
28004 765
2389 1514
45997 1526
28865 1698
4489 372
62986 270
89001 370
30146 1536
29261 1012
95792 1846
35618 748
50434 567
36948 1157
35665 734
17513 403
62222 292
58461 65
57756 272
27175 1609
43667 1182
87080 1575
98344 891
93736 1734
99313 494
31592 1738
365 661
50880 1058
38149 1623
49233 1505
460 901
38939 635
73353 495
94629 1771
21764 1532
3177 1233
42709 390
89207 1119
4637 411
66053 235
19123 416
15647 166
94320 441
11734 213
80084 912
70571 77
67952 1076
44421 1403
49876 475
52236 409
59781 409
63354 1368
44482 1672
26551 455
84246 100
63753 526
35426 1488
14777 833
71957 1699
40893 1051
50904 1679
61151 1108
75308 1087
99806 1389
95931 635
74518 1769
7929 105
13180 1259
88815 846
36770 752
59363 1876
17970 1535
64237 1004
54225 688
63096 1404
82594 759
74054 1879
61778 1956
86902 936
34285 1210
5049 1392
92879 1404
95631 414
38872 3
9908 1771
8169 31
2823 1556
24017 457
35562 1084
54186 230
70102 1949
39712 1325
73699 311
59696 227
94242 440
94230 1257
81073 1730
65854 204
76779 1477
138 1985
32785 1445
50936 121
48931 737
22263 1337
62591 1888
59449 430
83402 1385
78095 260
78667 157
59250 1757
46535 1371
81940 1184
68316 1345
87650 1574
56040 1675
37081 901
57431 508
14746 64
79659 1084
76166 1246
30759 1827
39333 230
19775 515
90554 281
29240 617
48143 1435
25053 898
40215 687
22186 1756
5608 652
49668 915
20131 1690
73384 396
48939 1869
83135 687
16986 659
46252 1802
67959 1204
74373 1532
30020 817
47164 1331
9708 103
79007 1007
76042 1589
25060 89
22568 607
11511 1759
8085 25
92421 94
74807 255
78183 1814
74590 1549
69460 1170
80660 307
72724 565
18808 1979
8222 620
7421 47
67506 318
92327 689
77282 1306
71498 1758
17262 584
48887 1647
19289 530
51276 1773
32618 530
35766 1471
80990 1846
62317 499
75352 916
42517 1319
70103 821
70581 307
84841 1513
60683 1074
66882 1276
50366 1667
57169 1716
16128 1133
98928 1579
55706 688
66628 526
54933 1539
96686 1237
9072 1654
58217 457
31247 1379
18393 284
8806 938
69860 626
46623 585
39036 878
45114 1107
59292 179
94722 1304
56531 993
94305 1185
61532 165
69099 681
77611 678
91740 1639
85839 956
60719 348
39850 1855
71902 1050
65864 1021
86888 1583
76732 1248
24062 1526
44839 1768
98620 305
67061 1503
72778 779
92048 1438
94344 1791
97434 546
10635 1997
11410 320
70109 128
80325 1435
10614 1487
80164 1532
60146 485
65452 1760
2190 1890
2401 285
83100 437
4751 1106
32800 1983
7945 1476
27993 411
37233 345
40953 779
56301 1234
26728 938
56183 175
98875 1519
21354 1494
70381 22
98047 190
36972 289
21276 291
57046 770
89496 401
90396 1527
98616 981
13455 1822
72196 1232
25225 1382
80101 850
65512 793
42555 590
85865 194
6134 622
92009 359
33471 430
96414 1301
26448 732
2382 741
91852 1792
21754 435
10288 701
5068 470
57625 723
55814 1843
32471 555
90138 1039
7065 1352
44637 930
91431 177
67656 658
67944 44
41560 1133
24917 1139
45131 1285
55571 1604
61593 28
38108 590
23134 983
32324 1371
26127 213
42804 282
49661 316
9754 106
64467 457
46833 757
4318 1243
37005 1552
48844 685
53670 1037
61154 1107
25430 1376
92465 411
9622 1697
42655 261
72886 1652
29130 419
26056 1833
82525 430
98672 1502
3118 1747
9528 240
49819 142
52879 919
82851 619
18636 883
55469 1750
14868 1152
2164 102
27287 1674
51576 545
8773 1338
25494 1770
55178 1723
70106 1252
21372 530
60122 164
14477 566
75172 1228
72458 1461
10044 1038
79923 1063
87398 1730
65947 56
12667 1791
15213 984
49851 1350
43846 94
37132 1921
264 14
84652 576
21787 490
80151 870
41801 1379
81012 804
59240 220
89383 959
49064 169
71187 1051
87569 69
86065 66
80658 776
2959 1888
18946 1898
81348 488
69600 1598
46856 1459
92693 1131
43776 1094
13056 1969
97372 354
82298 523
18120 1975
15012 1172
63958 1709
18908 240
34364 416
35526 1362
50489 37
12169 1254
25238 1057
66682 1660
70137 1265
4251 1647
71457 1174
17862 167
10668 519
85932 1089
79021 274
63894 417
35101 93
21693 657
20512 1980
7515 1408
68406 1769
94450 1552
65979 1560
57629 1948
17311 363
18502 1448
73283 1334
54516 1900
30850 430
44028 1895
2778 1687
96835 925
23890 1342
65761 1481
78981 501
70259 1509
53476 1783
23859 1954
90402 617
65675 1526
85044 1332
42594 1913
82613 1923
27606 957
15183 128
44026 258
75402 1039
12194 1246
29282 1098
3212 1444
29959 1395
77537 1782
2461 824
10192 710
89729 345
96679 1750
93143 64
78 1471
59248 445
37605 1903
37167 854
2829 470
17982 697
55669 840
6746 1727
34753 1717
51741 1638
90461 1927
37928 596
76111 1183
60368 1590
93150 851
8000 582
39318 725
89002 557
21646 1439
2752 1439
50353 1027
70613 1265
98279 936
73507 937
63871 600
53931 1281
33176 1180
26897 1191
68102 79
9299 1665
28488 12
82139 977
70246 1166
93577 1048
29844 982
81736 1260
30548 1860
52113 1283
9554 455
71456 39
39156 592
24773 1313
37543 1848
59540 499
69958 183
924 604
40745 199
5692 1518
34974 1179
21259 1411
50444 1270
75650 1183
83820 1913
12765 537
4416 1443
31465 663
85166 228
20892 1681
60162 1372
36935 8
53965 1226
20260 1247
86466 1852
19278 428
5333 1170
14257 1986
56575 633
82281 562
92006 886
49843 1033
75518 854
78619 1073
86540 890
62968 1130
98277 734
94011 1808
52954 142
96291 503
8023 1266
76605 1728
40771 1222
95767 278
97687 1808
94293 1890
9471 567
61123 1565
97544 304
53552 947
78856 1577
89127 1909
33204 1814
78585 1736
61372 769
39681 1253
75428 539
25424 1210
95217 296
32583 911
73447 360
31997 953
49725 1657
39014 191
37381 970
51073 1395
1930 1924
4975 1600
73204 805
87016 1719
84279 1269
87767 1342
63610 1782
21470 1819
25680 1171
76937 19
86424 784
52145 278
91376 471
24650 1634
81667 259
40240 465
1470 459
1739 300
67230 211
87894 503
92486 889
84637 1699
94518 1372
15311 1265
73106 1550
68135 1032
50150 1742
41004 98
91762 1826
96869 1679
2128 1577
18927 1427
66371 1042
18355 409
94947 1697
52691 26
4711 1753
65161 51
19900 1
49283 665
15225 1486
90961 1587
63026 903
55631 1670
49583 350
83444 556
50622 561
92997 1270
10885 169
14 1160
29425 1928
7608 1654
63391 389
37185 619
43666 1333
96592 117
56237 1915
22920 1842
70903 629
19936 1846
47642 142
44000 802
28180 760
77 1002
39157 1136
97019 817
45517 1478
73329 1571
47378 1434
83200 810
35750 314
15165 925
77890 1164
51022 281
76116 943
14280 754
68092 752
12601 414
95487 966
97359 1044
70493 1977
26975 1947
30328 1102
99629 945
68034 1625
48502 97
92462 1737
82847 152
32343 1662
3372 934
93741 269
83906 431
22264 1175
64487 1737
30457 1488
57240 612
95457 472
87273 573
45665 1857
19142 550
88563 767
79984 636
46137 372
51803 1933
79139 1616
90261 777
61534 1386
96720 857
83291 1883
22833 1517
45929 652
88284 785
90956 406
17506 325
39354 1187
95613 15
63373 1134
79313 1517
47457 1228
69374 837
90723 1234
23712 1205
86943 1125
4278 1059
66793 1230
33984 449
21967 118
53142 40
48891 157
51143 1851
33652 201
68549 1957
60579 75
2800 1221
7709 338
14528 567
68836 364
41466 1157
37000 661
52112 1628
65165 234
44278 1853
30536 56
96783 1681
35283 1797
23247 364
91614 1063
90034 482
46427 1940
80589 136
67497 18
17803 948
5802 1704
51150 1951
61999 842
202 1244
24756 1061
63107 1321
81816 39
34875 582
11281 1279
28294 1384
94135 291
87651 1429
66938 1971
42701 95
2748 799
36254 1707
93853 919
77184 185
27462 586
7351 826
38012 1243
14695 41
31325 1085
67203 6
87330 435
51680 1297
55218 890
10536 1048
74536 164
64110 1950
20864 1875
32923 1753
33509 319
96584 1219
29424 950
6220 1752
47309 194
6306 596
46268 1819
9268 1418
47138 802
62021 473
29469 1332
1468 904
95158 1464
56251 296
58096 1159
27678 846
98449 1931
48983 1880
55565 1511
8760 1804
50488 497
5783 711
90525 979
69743 1395
44763 1122
11044 1956
94094 59
23253 1673
3765 225
67828 1806
4731 1711
30021 1899
36901 1149
67837 1886
26999 1730
60305 1861
3181 1848
29632 1766
42217 655
9017 1754
92753 1612
91764 1823
61676 75
48142 212
6971 261
54036 1224
52555 150
12124 1552
64167 237
7618 1615
70095 962
21322 1728
71634 485
4550 315
6399 95
73364 644
4016 1924
72374 1886
81636 1787
1187 1011
51493 1735
61356 365
23810 1662
59043 324
57788 1242
57235 1433
62593 459
426 323
79218 1479
52405 221
44074 1836
97561 112
65142 97
86972 120
72289 743
82052 256
82249 1819
92515 1426
14081 110
28619 1180
62207 768
29884 1825
44011 610
45792 462
33125 1613
1756 1259
35964 753
58565 1787
64952 1920
28411 727
12520 667
28319 1769
22133 1929
50203 1424
65014 1452
89393 1770
45361 1189
83638 1704
87706 1109
60147 1835
26333 1759
2913 468
39851 1301
31262 1380
73892 1110
71877 1698
45298 1530
93595 1786
56135 592
68993 707
70609 1100
88521 1218
59354 288
47201 1248
29279 24
37502 862
45206 690
13765 1930
87015 880
24671 226
52361 382
28041 1750
50157 1169
85475 589
18677 986
59694 237
47779 251
53276 463
9278 885
97395 482
6607 206
16819 1131
64534 1842
39892 1444
50786 133
23248 558
24105 932
49907 886
49540 656
87287 1237
14786 554
90746 1124
34064 91
80955 753
10087 535
90246 821
75909 6
21540 26
12417 1529
72091 1059
12257 855
78535 588
67403 1206
81381 1704
70437 1865
44970 1614
63076 359
42969 131
94777 1590
40943 750
58968 542
19011 515
4168 1542
82723 1635
2957 419
12456 1415
77468 496
41871 1537
40761 1771
14307 263
69495 738
46831 1732
62457 1882
33155 885
45478 1712
42961 1428
87085 1279
79575 900
49002 1792
55526 530
71715 335
37634 614
4589 1738
32803 1995
28709 202
33818 899
88283 1247
28634 1181
34608 295
39821 1908
30256 656
66806 1441
15199 1890
71739 1433
43707 52
54684 927
35888 596
39875 1248
26758 1728
82894 1254
30890 1205
12306 1075
85824 614
19295 1546
30587 1396
43741 1328
43337 1033
4260 1922
65156 810
97168 1749
97220 1823
44809 1625
1288 141
54438 1460
80888 1479
28166 1098
53213 558
34475 1002
41489 711
80313 1038
58677 896
1691 781
86193 1071
70290 750
74654 924
83367 1405
83034 990
11218 369
18824 835
19386 1457
96080 1197
40678 1056
38899 148
26032 850
13963 629
96338 1593
91328 976
88427 1141
82185 1894
70718 202
5093 1263
43634 1839
57912 1759
82598 863
86239 1599
13693 814
319 216
61841 1921
85700 75
68416 344
33717 1992
11095 485
2446 795
97769 67
93012 705
91519 815
56638 1270
86596 902
54005 231
11460 1588
32245 958
4811 19
55018 862
11857 1942
83590 1043
74266 574
60023 1752
37982 1250
62390 1370
87514 816
58286 669
37512 1832
65378 1569
15050 1175
27964 827
17434 1571
97564 1224
35654 1263
5746 1138
17339 1428
6480 1099
64548 1846
44214 1669
51406 428
98215 1278
18792 1747
34784 575
92055 286
34063 1250
32523 267
94323 1346
99455 943
48261 1230
2585 1042
99027 1177
56387 500
18650 294
10494 47
53314 674
86942 1646
74062 526
85671 1322
38381 1637
31218 1842
57520 306
72544 565
20180 601
25127 1877
89345 1549
94231 1131
51339 1099
36618 664
70708 144
62811 671
19064 1583
19698 1814
58887 406
62539 1705
45879 220
57640 1955
92683 187
98704 1928
16969 981
97221 714
23882 1324
41769 1476
46467 557
18644 1464
70038 1399
1181 413
15459 1915
88143 855
49878 890
51307 1949
84803 957
97182 1308
73241 340
84817 1665
83253 1193
61864 665
99359 45
42789 1107
50049 1901
76907 903
1872 1721
9158 655
15762 748
11696 1456
54591 946
5629 58
79253 1796
91948 404
85926 1695
95564 1485
135 1327
31514 1933
3074 542
99770 1254
36820 688
7652 590
14709 1199
88377 64
94745 3
2977 415
17004 206
93492 1035
80969 908
65493 834
61815 488
3725 373
10987 339
57047 1569
23204 804
67251 994
59538 606
40297 1755
78707 171
84984 562
4468 265
69033 1314
27595 188
56755 1837
62371 1423
77808 937
79219 469
80232 1491
19411 70
82679 883
46938 586
58817 1518
87554 866
65421 237
59300 183
55255 331
67711 142
34226 524
36954 458
13583 1930
49255 229
34561 1217
2511 774
96849 773
30930 1193
74387 1803
4232 1186
84123 1993
99105 90
88607 1461
22787 1599
63200 1284
3577 1938
29088 1140
88965 571
59407 1451
11224 494
83475 1930
19539 1261
25507 1079
9327 1592
84870 1594
69269 616
49853 1987
36838 1193
44092 453
20948 1502
57348 1339
27279 1926
19521 767
48764 511
79904 1963
7242 319
82853 1410
83058 426
73375 299
99053 47
3912 472
56599 1765
67481 1585
55144 511
83597 1712
23079 917
60666 822
24583 683
14322 355
90243 1558
12912 993
5650 212
11804 1312
60225 213
70712 1931
80174 811
10599 1379
66368 370
38613 1357
65073 732
70564 1040
60125 1823
41566 1214
53994 466
93382 1579
15775 1921
23654 162
77567 1031
93641 6
17558 1740
47118 914
53317 1834
92249 92
75839 1376
65725 828
12489 468
62480 103
28853 1031
48622 1640
45881 1471
54574 1615
64033 378
55867 1539
54231 364
8146 199
56284 1564
80115 1912
59824 293
24064 1219
9950 1574
97941 986
14179 437
23781 792
24839 1477
172 816
46366 1908
43757 297
76749 123
72233 894
64862 1169
32834 1222
88487 602
4527 591
21165 1300
23439 1274
57562 483
60861 612
54068 239
40006 594
64287 51
36048 1552
28526 515
99237 1317
54474 647
57758 1915
67905 1300
5899 470
85945 423
9432 903
34830 1427
35323 1361
15098 1283
57783 820
81500 856
6585 467
81905 907
75965 373
85414 1687
54637 285
32829 776
79345 1483
19784 265
67932 746
9281 111
83413 1967
21757 477
4894 673
72746 1737
48555 916
67342 1453
44605 382
36796 1051
55537 760
17587 1840
56660 1611
41140 1255
96937 332
4461 1200
66024 1947
43771 692
91399 1931
59160 318
10341 809
6080 1798
78344 1937
67729 527
70475 1804
33225 1752
44724 1786
69172 972
78488 375
62534 381
85906 1846
13004 1869
28131 1310
30722 66
79308 244
34994 986
24601 482
46495 1379
4479 1617
71639 1877
64462 1384
2340 1516
78590 1712
15187 394
48902 1971
28672 95
79465 936
64312 987
5334 1141
93094 132
74962 212
39788 963
94170 116
25469 543
28024 1422
99378 559
37918 1251
67341 1490
11069 214
88439 1816
48518 288
74947 696
78727 1619
64980 1973
54324 810
85759 408
50600 1358
1440 220
80965 331
31316 466
28878 536
4898 1618
91251 1908
71305 1031
54353 29
61554 1675
25985 325
75074 100
1951 1373
61316 1908
31607 939
32494 47
7090 125
35081 1248
1534 118
52811 1711
73570 552
92972 875
87023 809
93797 1510
2659 522
760 227
6634 1188
98448 816
63524 1381
43597 157
47728 1866
53045 1670
20751 1931
59886 1257
95452 248
2342 706
64670 505
1373 600
42996 1041
91014 564
9285 612
3667 178
78092 1181
97628 759
2143 1771
43773 380
28869 1206
72592 16
9536 473
92903 477
60073 994
64756 582
99205 1853
4729 75
93131 292
46352 1369
95396 1575
43392 1932
49207 102
85842 1472
25619 1127
6819 1646
84198 534
77726 953
97197 1954
47225 632
76716 1319
45503 1925
67751 1058
22025 1706
34172 37
10051 258
38916 1128
96304 101
53297 1633
67702 1102
68800 1831
50477 1355
98208 296
52213 451
34404 1402
38018 1565
63853 1450
55998 389
10041 1974
49026 1422
59513 1071
22669 1267
63922 1189
26709 831
41812 844
79450 676
18338 562
40252 1803
99294 1292
50869 996
46822 1538
54744 1804
91419 80
28269 983
5816 1252
90887 752
73922 1878
20710 1718
31454 880
35742 328
54450 361
61285 1034
38266 1669
52741 1474
70982 862
39900 96
96251 305
62246 742
21649 678
71843 1131
83311 698
69096 661
83047 552
21782 401
6173 1586
50354 373
75264 219
535 1373
49623 709
7362 824
23614 806
4121 1787
76293 779
91134 1776
66877 1807
35827 1456
99212 1713
57084 1933
56399 617
63563 929
53516 551
57962 1178
11626 1455
35204 1066
85070 797
72801 1969
7629 1411
42477 1541
91932 864
97719 426
45440 727
79569 321
99789 1732
44654 1699
12599 358
39270 1809
53777 373
90644 972
63852 761
31045 84
87841 1113
96199 493
30833 528
36117 952
85298 412
24805 330
17582 1063
40077 1741
39738 65
71813 1734
72161 386
79374 1973
73059 651
68943 1755
88784 1983
85282 217
27045 290
25870 553
63878 748
80759 1411
46514 85
66306 850
8734 948
72073 1444
30395 1775
94832 187
90330 376
91931 2000
15938 220
21792 1409
67416 1406
12903 476
55635 1810
80849 968
15268 429
1212 1016
69800 1322
66964 840
63005 130
43362 1660
56851 1786
19160 1521
82656 1409
48942 248
92733 873
55007 332
46657 509
50499 1075
31492 391
95395 1457
90584 877
87112 548
11186 766
46279 547
13504 1211
28868 580
82216 1935
87738 441
5166 907
90921 1632
9328 576
75840 1176
86281 606
12147 258
75744 769
38594 1588
85830 1060
46500 1209
39755 1571
93219 913
35506 667
3031 1668
70519 1640
66240 1244
60366 367
82203 1393
57136 1373
88042 1479
25549 984
91438 1749
3600 109
54382 752
12819 1532
37837 1367
23593 706
80299 1112
83945 78
13609 1342
36365 1959
46439 488
19756 861
13977 1967
6622 797
61286 1137
14684 1699
4570 453
80738 610
13666 294
11745 1685
59228 1853
73700 76
23476 1658
6317 866
11764 1128
58684 390
49010 1965
52409 1064
32723 1683
7449 1896
30205 1024
89538 1897
14788 845
28008 719
21370 1345
42596 605
32588 197
79697 1647
22698 746
53166 833
75252 1895
33365 315
85570 716
42852 13
82732 1632
23693 314
96100 153
20306 49
72445 9
47325 437
15903 14
98749 1355
66019 443
46788 1238
9084 643
43049 1137
58629 1504
70107 1260
77656 68
89067 320
1162 998
8351 1498
78269 619
98795 249
40844 891
12888 637
47539 577
5480 1712
10974 1818
92220 1227
39691 48
52324 454
41374 1442
43160 426
35086 813
84382 647
57232 1660
52552 1351
74674 470
58346 301
21625 1621
17518 1286
7564 566
2430 105
89735 304
33613 1886
14654 380
59375 1239
32247 1819
18625 1514
22108 1426
97428 1429
84552 23
4925 1217
73420 79
61000 1168
18719 834
26389 543
7037 833
69777 989
74793 1103
68355 1606
29872 1436
77737 1247
24733 1592
50227 1488
39356 1629
90333 1422
61611 201
8786 744
93208 1041
15462 653
90104 1610
75635 1896
16982 819
88215 565
88185 371
49694 510
18169 1529
74394 1593
46641 1226
89389 334
41326 1447
46245 1928
61013 1269
93470 1072
1284 1675
87396 407
31408 182
59591 831
24204 655
1974 681
15161 239
38521 1974
39511 1898
64817 845
67460 1744
35159 1309
36926 1884
62280 1694
46250 347
97606 1856
95882 789
92138 835
42289 96
29740 1861
78195 1125
27486 182
68275 988
12702 330
41255 1248
80840 687
19293 686
90228 178
15023 1903
45014 1880
76424 1999
27053 1599
45819 699
45629 273
95062 963
44262 577
15847 836
29661 1234
80765 1348
4 902
77693 1114
59502 1583
34152 1513
8721 1284
83071 1638
68260 160
2860 572
37917 731
71173 209
8512 1890
15054 506
86025 1505
6006 1801
43912 467
77207 274
91533 548
32568 612
10365 1289
12544 1042
49959 1050
77515 599
23382 1139
88969 766
95330 1979
29002 293
19572 1681
41355 816
91340 1482
82070 72
71046 460
42444 621
99346 1737
63711 520
4188 1689
18155 846
56767 1326
81006 70
6005 1904
22673 93
98104 451
8921 1823
32071 571
55283 1730
59789 538
64499 1034
94090 1902
1816 368
71730 747
85139 1387
64494 714
71626 478
79342 1350
33850 1998
831 753
59265 1959
95525 1578
36086 1316
46327 1091
41058 1210
67985 384
8646 60
50271 149
37646 1310
31338 855
14756 1993
5912 1677
60601 137
146 415
80417 669
17481 1759
60000 1375
29881 1951
64026 882
38199 1999
50972 1824
11062 546
30641 1665
46508 1212
21364 278
10588 955
59656 1947
96934 543
69596 219
31135 316
83975 195
84043 356
96140 1957
93820 1215
48597 1533
68428 1477
84407 1179
20471 1185
70954 344
99547 1221
4937 967
33289 203
62276 1470
64422 1265
39503 1593
82154 921
74607 1253
61155 2000
49826 1048
81368 154
2211 653
41994 1598
95837 1413
37470 1736
12391 1869
24745 551
29381 783
23009 1734
64630 1657
84498 1933
61938 246
97968 416
5877 422
85424 346
85375 1196
78364 1187
92133 1095
98906 1342
39545 1156
47018 1223
13845 1769
90082 1974
51864 213
11873 159
81406 815
31206 1128
74787 1897
60479 1613
98164 620
21452 1502
3582 1924
97519 1450
68841 517
30272 408
24983 1577
13085 1902
5903 1287
68892 1491
47618 250
29447 527
8363 1914
67146 1597
21218 1425
15338 1450
68326 323
13639 977
14082 804
27324 37
42465 324
89040 1945
37359 121
40815 1603
34101 1613
41637 971
40012 1571
59503 1175
1069 258
78130 1048
67067 1895
20885 818
68410 1378
61030 1313
67737 757
70530 1883
23928 580
16746 1524
81072 401
2486 1699
2301 1057
6610 618
98810 485
48364 22
58306 1447
62438 314
61081 1923
86532 1637
82972 542
84434 1865
94912 1768
86526 1264
22775 669
82833 1595
6728 1884
63515 661
10557 1857
44490 388
86156 646
54677 1153
99593 99
47219 218
11915 1709
75713 1983
17493 1078
37812 1086
18365 1398
25365 1590
18132 1125
52622 1922
21001 1492
81061 588
25906 1664
55365 8
31548 324
24094 1536
51 399
84683 877
85977 919
77602 832
66678 1812
9175 34
15364 516
10670 1907
35686 215
62308 261
52082 255
36401 1830
5901 1657
34831 399
37913 1414
32003 1745
35163 1521
24545 1715
67771 1785
60109 1958
43777 658
5862 1492
83716 640
51571 140
1446 1698
30818 548
45035 1647
18374 238
43599 1456
80494 544
99694 1640
79613 1941
57372 1890
31848 1158
89840 1058
14752 819
95232 1809
24104 1539
78479 55
57363 1115
26330 701
28730 452
91499 1201
9456 1970
95955 1540
58449 332
53197 254
9122 241
81262 1758
40314 527
13798 721
49562 1788
53587 1234
20013 1260
61561 694
68309 625
96391 1667
29175 1478
36934 1982
4862 1886
18924 766
45410 1668
49318 622
44368 77
4556 1483
35767 416
58042 1591
15623 24
63807 504
45536 809
39220 1947
16827 1853
38515 1429
81376 1891
14969 1873
85021 1
96308 829
87764 1843
88826 1390
34516 1040
76814 843
72163 1506
36793 1032
32851 1306
38207 1736
64271 499
10144 1371
21517 1484
29527 1570
12478 639
32562 1730
26633 1568
99972 1680
83815 456
44367 1216
21092 93
65213 1865
47868 1323
55171 1802
71088 1591
89258 1096
42159 484
22283 1314
67998 1845
54209 896
14713 990
23662 87
56891 1070
46114 768
23128 1483
57859 1356
46926 410
88107 1167
73223 540
30428 644
73870 306
41526 431
45457 196
27038 864
84921 1353
84314 579
92439 1784
71031 935
79604 1459
97060 1680
90663 1251
84942 1580
16710 773
8216 1123
68050 1821
14680 582
98334 873
39266 1386
47287 554
417 1865
60182 151
1563 903
30887 1313
94449 14
1190 892
50885 586
37301 1780
35969 1225
57688 1056
93829 807
68030 965
9696 1870
44215 45
48992 314
90553 1328
70695 388
21882 1501
55683 1433
77585 1588
5993 1584
36085 872
40084 1726
5143 1108
63924 1067
48551 365
23173 995
12937 1314
86390 707
3337 636
39108 1980
42381 1612
9006 575
47083 589
59786 608
6850 615
63518 126
40267 781
76238 410
85703 1301
75764 1726
87735 352
28848 608
23897 1111
52766 1200
31586 1771
25705 882
71738 352
12521 1245
78216 143
90195 1152
11310 160
82838 1193
12936 1174
96001 1663
63475 1417
40767 1992
10107 1591
70734 1222
29215 1735
53452 979
66619 1620
47579 963
48854 704
21049 756
57362 1753
58256 1517
5039 703
13615 29
26598 1630
8227 20
72722 49
93395 129
57971 51
93274 706
36234 566
64341 1244
57940 1554
34708 1082
37816 799
5340 564
76316 1392
77982 1759
10560 1162
99066 635
98111 773
7472 77
51137 497
88307 403
3782 51
24240 1308
13231 1299
22391 442
94413 911
2701 1445
91714 802
83704 1993
19657 545
27276 714
84694 1424
84437 1487
39038 1266
82715 322
15738 560
57666 743
78077 291
85547 1229
95821 75
31161 1553
70823 965
21287 1413
59859 898
56250 24
84595 1360
92865 1445
51117 775
30797 1487
53591 1576
50138 1919
33242 34
73888 825
28380 1036
26425 1231
87055 1014
99028 1766
41342 544
32148 724
50619 1298
11427 894
40934 731
24831 1277
91775 1898
84319 90
58829 351
40694 95
12350 202
34367 190
6188 1199
16212 171
91999 949
45081 1910
5933 1128
77467 346
72519 1784
1379 422
27818 1577
96053 1014
18964 1084
95585 549
80420 876
11869 1099
30268 759
8865 781
38544 503
28071 1152
92631 746
66216 990
86587 305
55319 559
68108 1084
82761 1335
40091 686
15069 53
99231 437
9232 1553
25806 147
70371 1082
61047 465
29654 774
93724 929
44640 1716
45927 1134
651 1734
43895 913
37076 1107
52238 1327
68619 1186
64258 684
2123 1996
34162 587
45492 444
40056 42
35884 710
17843 1401
32156 786
39072 1656
43336 434
16932 1590
70782 1071
99941 112
85519 1577
33570 834
85886 23
45784 4
30497 257
74471 1526
51436 311
65832 1267
67744 1901
60460 623
20111 176
23396 160
53584 609
78571 1692
59153 919
68963 1893
6361 736
94759 1174
46680 872
96424 1953
38873 934
8303 274
50315 69
46426 1815
17857 1623
53431 493
52685 1575
30325 1268
98548 310
52928 1136
39932 112
33363 331
40140 1901
81575 443
69184 376
68592 1460
61267 1293
80050 618
72224 1214
31156 955
74684 323
11395 1104
7031 1397
9086 1490
5621 850
28212 1861
85724 542
47093 1255
56785 1489
97634 1958
40590 661
49253 202
44644 448
7762 10
50746 387
46908 1963
25965 389
35650 1516
6967 1600
96552 1335
45887 1494
42895 1220
26314 691
11528 862
21362 743
61184 433
54567 1149
66270 948
5716 751
99118 1295
90590 1470
2526 836
35094 503
26337 1070
88698 968
91343 1056
44673 626
46774 965
67324 692
80396 1603
16111 232
69149 1932
44894 962
1155 1446
702 364
43041 793
30985 1565
46333 935
15998 1782
36726 457
52473 960
65514 1149
18567 1614
30310 701
78178 1331
81224 1727
43933 220
23531 1704
33182 1042
20939 1688
84515 1082
51168 268
53573 625
13978 1337
32007 1003
5623 1943
39230 1055
58796 433
78504 290
22122 1390
27398 685
59493 805
62801 1308
35374 1002
85866 1203
2292 139
98775 1243
13098 128
93383 1439
94959 1175
49477 944
59758 263
22684 1360
23900 158
10575 1447
31936 1848
37827 1808
38417 1206
4344 1827
65707 1766
89192 524
62814 1795
93214 1354
23883 1798
87450 1390
85955 849
75166 1962
73321 964
34316 1211
22784 611
43382 591
4130 1602
98550 63
6894 1587
74777 1257
8316 1274
41208 1877
95685 1861
34821 13
78356 327
6186 1546
21064 1145
41160 1689
17277 538
95979 1412
49533 401
52029 95
86167 160
55820 1038
96980 81
93249 789
85930 474
26292 130
2222 1273
93849 575
73021 1083
6817 481
27073 1756
16815 1940
45127 1021
20360 1713
72579 1641
60818 1678
99688 1675
96370 244
16871 297
59044 815
92592 905
53012 1218
26013 999
27451 1443
75761 1875
31681 1546
99944 841
34308 323
51843 150
14091 718
72787 989
75507 258
65046 1526
44930 1127
58608 1288
16971 360
63140 819
72317 706
70363 996
4029 194
91734 868
98762 85
24708 111
81506 300
27405 643
50593 200
28417 874
38883 684
4778 1305
76126 114
81106 853
52207 1614
45487 662
72050 1984
32680 240
74709 215
65567 1317
94975 1443
45558 1989
83189 295
87954 1936
45744 498
95946 1117
19583 564
66829 365
42729 1192
94391 1494
96555 531
23258 73
13718 646
24357 545
33492 1207
75389 922
90729 1716
65241 1389
40516 741
28461 735
51408 1148
78725 579
64100 661
75268 909
72686 1840
72869 756
8074 996
18197 1576
29635 692
58974 1879
71350 1070
32575 488
13373 343
48331 982
59466 241
50680 256
55789 1609
38131 386
4665 1285
47296 140
61865 1644
50123 1658
65486 10
600 102
30822 1381
24228 943
68170 263
5367 1744
70557 897
97844 1220
98417 251
86307 1835
39465 502
55110 473
36688 484
29168 598
31254 11
92797 374
28069 884
29374 1842
85172 1690
58374 730
26852 1439
71023 1045
85045 965
9189 295
44612 1141
9419 1375
15339 1355
98255 330
37060 726
13346 415
14259 608
35716 1116
67804 1233
44189 485
54221 572
86127 562
30101 1404
40413 1376
89264 223
29942 694
43548 592
90651 884
15664 1334
94143 301
61309 1034
50077 1352
97147 1060
25101 1082
85342 873
6175 1340
84476 1750
48039 1277
79052 370
38406 79
59772 178
16338 1677
48737 1518
85872 373
84664 2000
86360 1457
42130 1568
66226 1789
93004 644
15051 605
84426 1512
39371 398
89523 1942
77419 1571
75354 332
82169 1668
46624 1895
65013 799
88372 1454
84033 1189
56420 1598
95718 904
95362 841
30237 631
6003 391
37695 1668
30168 22
64536 1478
82981 639
5622 1857
18652 416
65574 1511
58524 827
7154 1869
84383 1453
17008 620
47751 903
74237 1468
76772 380
58378 719
21075 1784
29129 141
74742 378
46757 810
18030 1148
87191 696
81045 1759
38111 986
51034 1548
76212 303
85960 1146
72838 1743
56496 1235
17608 128
9918 1459
75115 47
23610 560
2923 1225
43292 739
98644 52
67946 1038
60756 1179
26339 1049
40668 869
36668 1227
20239 801
20725 1208
11752 415
41177 117
82005 194
89099 632
79841 604
15602 1331
8432 1483
13223 625
90519 82
52422 287
41029 1296
45762 1702
37284 350
64516 1437
97364 1824
69761 706
37629 1967
52704 1221
77938 782
79183 54
38493 1860
26983 571
79693 1629
85001 1237
67638 1404
20251 278
85938 1848
94773 874
18613 1523
9944 1190
51461 1573
65912 135
24538 1236
96971 242
35192 582
44155 356
52045 1135
99653 1824
83845 1061
66905 1290
24295 1264
36903 1665
45053 1101
22431 1241
32473 229
80201 1502
9065 303
28824 1599
63797 956
76253 1773
98495 717
42615 326
54873 581
56439 564
4078 60
28602 1523
24678 1923
12919 1020
22549 804
60638 285
56086 5
42440 1860
31543 1837
92684 1764
45461 814
66459 930
32560 1293
82704 868
96422 1657
77840 375
32318 1905
90747 1634
18794 1640
42922 546
99916 762
67154 1954
88935 338
92454 1999
58068 499
54523 873
28059 182
81128 1612
71267 935
764 1436
92854 1557
74152 655
57451 1329
20390 1381
76011 864
9555 929
85190 1465
41590 712
13115 654
2097 1107
9745 1516
40897 1010
58945 1787
23265 1110
63671 1904
37612 509
84102 73
38481 1361
77844 1979
12092 330
68187 143
94115 968
80792 1665
20025 961
54673 1250
2567 250
74562 615
39993 171
40232 1100
9659 470
55129 162
86926 1106
76298 1672
28610 1172
20537 1296
77892 608
68988 1506
6357 1194
75578 968
61660 1634
44729 1541
52459 1394
88994 449
82481 734
85080 860
65329 68
43289 1814
47909 158
48646 23
34091 168
3769 73
40999 104
60516 149
98144 1974
5374 987
86707 1668
14301 1605
73178 1807
59858 935
11478 1140
31245 1212
39180 1355
72789 314
39688 1715
53629 1543
32654 1644
7239 69
9796 1436
53052 1342
90376 24
92388 400
7949 118
90672 409
70574 214
59628 1899
74272 1602
66766 1773
90334 405
53207 650
34164 873
2597 1223
33744 539
87179 1616
52383 1838
87690 899
78888 367
19849 45
57885 1177
13037 480
32794 1320
92172 520
19850 912
2387 1657
95756 1084
48621 779
78302 1909
97670 1369
72010 1297
21099 1403
45587 1623
63458 441
42846 857
11089 154
13680 1051
63942 1045
56786 662
65989 194
97273 1896
84245 1102
70009 1669
31446 1035
30124 108
45705 1307
21629 767
29827 168
22693 1209
83588 963
18412 398
59463 603
19241 1302
78786 1470
47344 217
72661 467
30420 1677
29218 1616
73519 742
24803 1729
41166 1782
85781 103
49809 682
25114 458
99619 984
43952 665
72859 468
45346 1227
54466 856
79917 516
38962 1122
63995 1326
5190 1388
34573 722
17244 820
21800 1470
50601 201
61510 1051
9005 1558
94188 1928
55172 156
30810 1093
45834 449
45549 92
33153 925
11538 1052
77947 1216
63449 895
29969 149
26641 1334
75466 1543
81581 245
14939 262
49648 1248
16789 728
99087 1668
78270 518
78138 1654
95971 633
71582 1634
41482 1286
84944 193
10413 1446
51892 1900
3528 674
97441 1127
76509 577
54740 781
59941 1237
44336 375
38373 1443
89879 1643
81361 812
78134 1428
21328 1037
71986 1832
42543 1254
67025 288
96600 1548
37898 1275
55504 1209
5635 596
47435 127
40718 143
31657 952
9624 1473
449 501
18643 961
5183 46
99392 1679
91247 29
48403 1431
83984 1983
84561 504
8127 821
12690 959
1072 899
81297 314
48097 1164
81646 415
32881 1550
98372 1589
89708 1568
63038 927
42367 806
69057 597
53798 743
94604 871
95297 1506
51678 34
76327 1838
28400 392
30987 160
60087 271
17141 1160
2437 1309
86179 1576
68994 1197
99055 1017
37995 1712
41409 1020
4213 610
22666 1215
31886 703
66512 136
17296 768
99576 1055
42891 1793
2339 1773
80639 213
8186 1711
95691 304
61781 1507
75911 659
92273 1079
82463 1138
95565 379
14071 904
42443 754
83747 402
66021 322
39253 424
15951 1061
30341 1367
61524 1707
26726 1336
34205 841
30800 1754
29266 1678
33067 1355
9326 1515
17603 864
85738 1445
10133 1205
35949 1408
39501 330
5921 278
6644 576
97599 385
54582 217
50963 766
1814 861
24008 1117
12153 1383
84457 1604
13184 1734
5160 554
9260 404
23613 1840
52786 1958
91217 1513
73551 986
88240 328
31466 16
43303 179
92213 144
94712 1351
18854 274
40995 456
2242 767
648 677
61558 1336
22105 168
56269 1600
60127 1639
80813 1223
63741 1244
18062 1614
34119 44
63920 203
20506 1501
15469 1396
91869 932
58090 284
3652 1194
99544 592
30409 754
46658 507
24830 255
46231 1953
30081 257
23269 740
16026 1669
74080 32
37737 1645
66377 1781
41399 875
89737 1568
87759 393
74925 1977
49187 967
34088 508
27640 1319
85567 585
41074 1231
48731 693
63716 1209
85250 1905
52579 983
98450 951
9879 453
95962 243
98618 682
3813 429
22921 825
5548 1121
48797 275
17344 1042
75128 1397
51865 650
18820 128
26410 193
77553 1990
60955 710
67430 1855
87156 742
13897 992
62980 849
83449 525
86449 1609
48948 1869
36673 825
21949 1111
23742 352
20334 366
66271 438
46971 57
34151 31
19531 1783
12299 1986
55679 1161
75124 1501
54607 1408
29397 965
94028 398
23784 376
52581 1959
12421 585
424 722
59452 508
11332 657
42882 1658
63554 1862
26921 1604
66840 1889
37505 1464
61055 1895
85257 138
54525 377
62882 394
54307 678
36844 1668
27888 1766
94332 1360
56157 153
83409 710
82900 303
26851 1843
43259 572
73262 1182
96741 1745
23383 1130
57960 1421
38921 464
85200 1413
55109 573
91397 1150
31868 597
27151 1358
14441 1213
87460 140
66052 1384
85247 1502
84412 1622
92426 635
27152 1841
28337 1871
19734 89
65701 657
43084 257
53071 366
65193 636
23630 711
8404 1754
42811 866
28807 542
6391 1446
2797 1559
91832 296
16577 1642
41720 728
31568 189
47050 1402
46421 96
60587 761
85585 1725
61187 1924
82319 595
73564 1284
22363 951
18047 1128
95157 1185
44911 545
64215 1754
11517 1499
79031 289
66804 1735
58206 131
58238 57
37573 134
8581 1941
15959 654
68164 1336
30831 1776
39004 919
86099 808
62010 1033
16267 1615
79460 1085
52330 224
56797 697
91097 781
69018 450
24486 344
87633 1011
80290 1011
57765 1376
30285 1691
12839 1003
22737 1683
29807 669
34928 601
12498 671
99398 166
77110 145
32064 545
56751 137
85690 1346
19785 763
26489 1254
43665 1783
7500 220
6898 753
91355 1804
20224 748
40253 211
80517 248
34707 1615
55727 657
44334 1005
20886 879
76926 1805
65129 191
97703 628
48762 803
6716 1476
38648 1362
17908 1603
57380 664
87724 1928
71535 1470
35700 1534
41454 1477
77674 1224
76822 692
17988 1349
46976 671
11411 1288
35683 300
63315 92
64584 1688
96847 776
33704 928
51855 1034
67455 620
81822 140
36424 1047
78789 1073
19211 574
69320 464
33721 569
88783 1658
89 1981
24872 862
76010 721
93928 1262
66959 699
37366 1152
63604 1788
20585 1242
80346 1752
51782 807
58315 435
98151 454
37106 1615
27124 1399
47283 1329
33252 396
84441 802
20154 1448
40017 1121
31285 1680
51592 721
41679 15
92458 1996
2631 32
46863 1995
11068 1328
14338 1753
8840 1170
38208 1314
44717 573
58836 332
8319 620
45327 1204
85170 289
47511 1274
56667 1140
87861 543
47784 175
76889 877
59169 537
56811 474
71772 1174
5045 745
93011 152
54235 833
46091 1752
313 19
8178 1663
3854 228
18743 263
75301 983
83352 1375
83356 1848
65020 1283
42480 1122
16941 659
96351 1397
8462 156
69000 1716
83880 1947
29113 1033
48926 629
61975 1121
16705 1692
53304 630
62499 767
58122 457
28585 451
25290 926
6902 1428
91373 192
57041 1229
43053 77
3800 1911
73092 830
18714 1382
34614 1934
16458 1559
9329 1992
78894 1165
94527 115
29900 1580
46127 1633
24060 1367
3698 1902
36817 876
33307 1720
12004 932
29436 506
5106 15
23895 1663
13400 1509
5966 644
50266 1472
39558 839
19077 1906
7223 311
6896 1147
11998 381
37880 682
36037 236
2449 411
50857 1304
49761 633
28861 1193
46748 1708
5247 208
88978 721
92488 564
37580 599
65872 1579
37255 1700
92416 1977
38425 1159
84046 855
42199 741
15872 285
93505 1843
33294 1378
80630 557
55168 1779
71703 1358
99247 1011
10968 802
13032 764
49923 652
15836 639
67890 474
87792 190
13951 1032
76532 23
88025 1013
47538 767
23547 1396
37196 70
47951 1037
26104 380
30111 1185
85180 515
91656 550
43873 721
70592 1439
23337 972
27367 384
19184 1384
75191 913
37805 1488
21247 1333
44865 2
19545 1442
18033 830
44271 544
35205 638
47808 952
97674 1230
74677 233
86444 1053
63042 1973
92109 824
17102 1507
50370 582
60322 668
56645 103
70340 1219
77733 1732
57927 261
69043 1174
86292 869
22689 1103
26809 419
76554 424
55229 10
30788 1118
12415 805
20279 1377
8132 405
82486 1269
90170 810
95960 494
41880 1833
10186 1169
7121 1714
2974 1971
27488 1201
18255 1193
80143 1193
57254 792
68222 1737
50663 1088
34651 102
29772 1491
48287 183
74716 1779
32705 113
63630 962
43808 150
86268 1915
14417 408
2726 1000
14241 941
90058 1696
44104 1425
37795 1100
75045 1552
19218 1978
72945 170
9679 429
23788 1883
55927 661
8703 416
46634 425
95142 140
19931 1701
89928 1904
59201 1665
74350 371
69035 457
13782 1517
12510 1676
6420 770
56975 1262
85050 1638
15783 452
40154 206
48130 1279
8058 1038
83804 411
4425 566
99115 1806
81916 1677
17078 1754
84583 1197
70740 990
6548 826
64622 221
15608 662
29415 1022
76636 289
37291 478
29273 966
63234 95
90029 1475
45395 1908
2120 934
11055 92
8990 1094
10110 1157
86849 415
47408 16
88719 896
51993 1847
88289 681
94225 1274
41614 110
63531 880
85733 609
71086 1805
90079 1488
79162 16
3229 186
84242 99
37643 1176
19929 507
52679 493
73184 686
54091 1755
86033 1755
15241 52
58252 615
49485 1004
46905 1106
38989 1405
43033 788
58895 319
44937 866
87586 1947
86349 1618
44145 293
60662 53
70605 748
52721 933
92948 503
33401 299
86878 172
52916 681
40170 1018
91449 1056
5186 1282
3873 1075
33697 42
15881 835
72007 1372
73338 1062
59132 447
41686 731
23054 1661
31979 1674
44861 261
29106 966
90458 1626
42912 23
53993 1500
22488 1786
34218 788
57728 564
15027 1734
89526 204
70890 341
56065 80
20423 629
54936 333
28192 1816
56752 352
52921 628
56217 1791
37940 1105
76053 538
97142 1584
59317 578
96873 1604
61090 1173
49927 1093
81814 1833
17841 733
98931 1826
49097 1167
64231 1868
79581 1269
439 1089
1700 956
46961 1281
27208 261
43942 119
92543 17
90927 1644
15388 4
94803 1926
19017 1236
18971 49
60759 1876
13745 623
76213 315
14595 979
38276 512
87842 299
57732 1768
5224 1865
13265 338
18876 1905
45691 708
35840 1824
29409 1776
60605 362
43112 1531
84438 179
83551 1126
93679 1808
99696 1075
47933 1229
12335 907
83652 1171
52660 818
66146 1711
31378 459
50785 928
6862 1534
75949 329
12259 1597
89205 1871
95121 29
69839 1273
42963 29
90386 1189
96341 699
10314 1198
459 772
48 187
78538 132
77705 574
96788 986
78609 1803
28623 1208
14449 394
16764 48
19400 46
38690 1100
51764 1553
65588 1902
54841 1585
94666 261
84897 992
10410 1950
22575 17
4189 443
92372 1444
75807 575
89032 12
31242 558
59264 1141
40419 1693
76793 115
66547 1982
54470 504
75581 1836
78041 971
95176 1
86295 542
58773 1966
32084 518
53465 722
23596 113
7126 1120
92105 1357
82334 1589
83830 864
54871 766
23489 1410
81357 222
88527 1671
99763 356
83770 1589
91833 550
13586 413
12394 716
76250 1744
56662 1533
28163 350
20770 919
96871 1855
63067 626
23142 526
28246 1982
38133 1162
18380 872
19150 62
27525 1487
63438 1799
81521 782
28654 1751
94192 1764
74650 839
37335 1106
25514 1829
46092 1625
53250 1279
35947 3
82687 306
78340 365
11074 921
36137 55
18440 42
51189 1080
86841 827
61969 667
54652 114
20938 809
90464 1862
63385 746
16919 1046
87932 820
53284 957
74195 1489
85149 741
37139 729
88398 287
48093 1841
58729 1183
11382 294
83318 1301
68115 417
65115 1625
4880 1085
40755 812
43096 831
42488 688
18849 22
16741 1221
4113 1944
13155 1721
68481 1834
40008 835
38250 1436
27991 1759
99431 34
76140 1332
45273 1724
60416 905
58969 1230
23919 828
74583 172
15711 1602
94999 94
50935 596
57096 496
80585 215
42110 1099
59768 13
35852 951
79258 419
48003 483
49019 1258
68335 1758
74078 667
66695 1966
54921 729
29306 753
25857 703
89203 25
91922 1466
39109 1610
33879 1926
41109 1729
26828 514
80377 1102
90974 544
17520 885
71544 378
97768 1090
61886 850
50300 211
60668 1429
87319 545
2443 1498
56910 739
97381 774
61530 1003
71816 1444
38173 330
95510 398
52758 1818
70834 380
14383 124
77665 1633
43982 350
3246 1038
2985 1830
30555 423
46622 420
84494 1661
20368 18
41449 501
91481 1972
66289 1662
13275 1294
91634 1442
40385 1727
33631 1437
74939 1913
71918 1314
50927 1844
29309 1625
48886 756
65991 1098
36097 1390
27345 1567
64657 1757
50176 371
81459 226
48215 1366
47061 76
18906 422
4044 460
84065 1304
49486 1115
93935 83
64353 341
39869 1760
47010 1323
52417 81
23488 439
35769 1101
64846 750
3972 1708
85480 822
35797 182
23962 1527
46965 1033
53714 1231
50161 1173
36491 146
92002 1091
68571 538
42261 1250
59926 801
80046 1072
53178 381
76078 1974
19988 362
14781 496
84720 1815
91547 1734
36545 311
73421 134
4467 876
81471 80
62564 1827
30883 1247
45555 1437
91058 296
9020 1143
20530 995
88332 1647
53695 420
51930 453
89772 1691
94937 1750
3455 1565
18409 245
42755 1638
11837 1812
99254 1992
39836 126
12258 956
95085 1646
53248 1860
30760 749
45276 1826
78156 280
34714 1232
48511 1571
93032 1752
78264 1131
87522 561
33529 1483
93042 484
89294 1491
73280 1200
16307 1165
66674 1975
26595 1568
89198 1845
38674 905
68683 301
46191 574
16280 7
82453 1106
78611 409
12766 1646
4290 949
70027 1488
86030 1502
85024 1009
65562 649
42492 1919
96854 315
11758 1666
94171 1589
7355 600
46448 1581
1106 1717
13168 1917
67904 725
27299 258
81721 1979
97250 1519
27858 1398
85258 1170
32015 1769
90291 1469
4948 793
94273 1119
78058 382
49171 1539
66303 1293
14665 1549
51693 12
96519 1590
63586 1567
3602 441
88655 637
89202 806
42512 430
32353 1809
80080 864
17559 307
53688 1772
89788 1392
77828 1182
84939 1218
68073 1836
8503 408
6292 1452
22922 473
50281 1866
26202 1983
52186 490
31557 1287
87240 710
54742 846
49554 1270
86979 275
36010 1954
64601 483
91032 806
8765 899
38230 1938
42389 788
75619 1849
56707 1496
69015 528
76007 318
82395 1661
49203 1007
39273 799
41954 1074
20093 690
922 1538
28648 936
65234 1445
44465 1238
49092 763
76792 963
69414 1531
95304 536
2577 1908
91074 635
87166 1550
70797 1209
18764 746
65462 1961
40825 953
61717 1658
15518 691
21270 911
62682 46
86398 602
54229 117
37035 1925
64761 1958
7831 631
82973 910
91827 821
82570 188
17307 1205
19227 427
25757 1499
74225 857
76365 36
44464 708
83310 898
67135 800
85546 1279
43544 1371
11918 1482
32352 1333
80959 1931
4615 1693
51809 279
17450 1662
93090 917
98188 786
70864 1564
54145 780
57663 552
84216 1859
61693 951
43621 1646
72499 781
19993 1557
86393 1721
28591 507
18887 569
10405 2
40554 1670
69386 13
44994 1087
79201 179
73763 797
36638 1124
50411 949
2467 1774
5369 321
97683 1016
74069 398
69686 1188
34849 1740
66953 1456
11913 212
9297 629
43420 992
14843 203
82713 1056
91109 1669
3803 797
19867 1994
78529 1961
78678 1514
74467 575
96396 1352
32721 988
4718 197
5021 1221
58871 873
67050 1963
77015 1544
38653 1694
83178 615
73299 580
20850 672
22358 812
99874 941
21613 986
56370 113
26602 1316
4985 1884
54218 1425
75582 437
18760 148
6453 1604
778 1370
64854 1723
42495 371
26373 525
86463 165
13892 744
82357 1994
44343 191
18233 1558
54243 941
73366 404
93522 1043
19551 935
24224 1061
80620 1277
96067 563
24235 1927
49447 1651
10833 1410
41896 621
74435 1681
66597 90
9880 1845
71791 1723
15087 998
17957 511
81856 1173
71903 1508
1959 169
22019 1886
19372 1243
3498 1955
58310 442
74329 548
99263 1282
11867 216
32515 119
8707 1842
75970 1585
22667 633
59600 540
86058 505
5554 1422
66373 59
89003 953
63232 756
50402 1703
86305 715
9347 675
93793 1099
96761 796
51443 1423
85816 679
55701 251
22448 934
45952 1648
40227 453
13473 308
46087 1945
78414 479
67256 438
8800 1769
81238 1754
62487 1661
32178 1645
69233 645
48392 129
22396 1053
11604 1085
76204 277
75491 1231
11909 993
79702 813
62158 808
84778 1569
68954 664
1734 59
44505 1057
70681 1043
71354 267
80651 1049
82999 1645
63207 591
35789 1585
18649 1239
11723 1132
97548 1113
56867 70
37931 460
21880 34
79191 1688
37721 1338
26948 362
14652 855
54811 1077
59934 1826
27726 906
39686 1316
52047 1488
24956 1033
43136 1936
68785 986
36772 474
88009 1901
25946 1294
79439 179
72636 1997
60432 682
89651 1697
35534 260
85285 1578
75241 474
85326 943
85726 760
32058 792
31576 1900
79051 1311
44569 1805
16282 1749
79606 136
18410 143
73315 1272
86638 1225
98012 1647
23818 186
27280 931
89543 767
80036 239
41032 1600
66517 1438
44800 106
54925 1187
53624 1969
62735 860
91232 125
23238 1075
76222 1797
83015 1444
22272 1387
77402 1960
2594 70
26208 1485
27957 1556
33567 1242
26395 1652
78874 372
45205 71
28368 1845
94996 1046
214 94
26832 707
37523 852
17656 679
87295 1398
11778 655
60250 343
18356 186
28220 763
15570 1046
60547 1756
68515 815
50773 1740
17633 71
11418 1070
3463 707
25605 160
25626 1386
55688 881
27649 995
91424 1418
71905 973
63769 1634
82811 1096
84530 635
79552 1856
10393 826
63509 1778
61795 1506
60938 815
28225 116
42874 174
56590 1013
37141 1459
874 1367
58559 338
32742 480
30530 269
69522 789
94768 1582
62680 480
46754 1821
89585 766
36686 1314
91176 146
68042 1405
42174 1651
39331 450
83615 586
51139 1651
84296 1884
48002 379
90053 71
53849 1082
24924 659
20934 1488
60107 229
55514 480
41783 649
21374 512
70123 824
89173 1883
35597 948
44416 1367
94720 163
31427 1353
83808 347
71605 467
66239 864
51704 310
99090 936
50260 1155
45548 1403
48594 1349
18975 30
31223 1383
89853 1381
53196 1648
82269 1686
18299 1756
19490 1172
53405 1262
37045 1611
57319 1225
43218 222
13328 1272
73749 1307
90278 125
1642 1156
95293 333
67039 1645
39362 261
59710 1413
26124 400
78917 354
96289 139
80685 1208
92060 1477
37696 1999
10097 1205
94589 86
91371 1112
12651 1099
21257 1116
62285 1925
15096 1080
86224 842
68313 1375
40808 151
60459 1583
63170 427
43373 282
68973 512
6065 750
80909 1245
5378 313
97243 1931
36261 1199
95568 723
32615 859
49539 578
68162 1647
58301 95
95534 1182
36014 138
16287 1635
26069 540
67781 1742
62161 1854
62958 706
23558 449
9927 1969
87572 1907
31910 713
62981 1009
91065 1313
59958 105
75990 387
60656 1225
3500 607
20310 1608
67399 108
7428 1186
93678 916
14703 1877
97170 641
40295 1189
39984 1556
57311 391
55695 1168
8882 1569
95191 1581
6963 1406
84796 644
46563 753
48102 862
49254 155
8648 1022
93484 307
85837 1199
76789 514
97935 1771
31895 1130
36961 277
80150 1743
64860 1139
30911 1584
31328 293
44072 1165
25677 1016
54651 1219
45547 1807
85752 1169
64752 747
26823 842
13278 1459
25171 1507
72792 1019
4027 1806
87556 602
94985 57
42776 995
12081 62
3263 525
28794 1930
14162 1384
15978 229
97062 424
14511 177
81767 1299
36705 382
68338 6
89842 327
71229 1801
8657 1392
1340 1405
68505 658
75109 708
37194 1764
13938 426
80282 737
9093 1194
27735 216
79058 1392
16448 926
67743 646
84904 1243
53574 1812
43442 899
39704 1440
33679 1631
19383 1279
34105 1109
30405 33
39269 898
26947 1185
96642 771
32996 1863
50631 1255
51010 1454
99232 1890
69712 917
66344 1572
13965 1114
61306 1961
65447 941
30263 513
67823 1582
4813 469
87720 1242
51133 1033
11295 336
18852 1471
21463 228
57606 615
20085 1156
76171 1859
93075 280
71801 136
78628 1833
14196 321
34478 495
17884 668
32273 1869
40833 635
14171 1559
25194 1023
6444 762
49272 870
20277 1615
28472 990
17928 1893
56014 1669
