1907 1040 86956
42559 1702
53897 1704
14355 356
45588 601
10120 1995
84905 813
18028 789
7025 332
67026 1195
10715 1924
32894 944
90668 1103
58956 1220
1299 321
67830 960
94035 354
33093 978
86276 919
46642 160
8708 1101
60758 741
12232 265
56651 170
27251 1850
75744 1394
18499 1447
94941 1314
56962 1098
68986 1525
93335 1604
84651 1907
70103 1543
27186 691
11827 1478
35774 1475
78979 938
1836 766
83836 271
1556 1735
51545 629
9147 1940
63808 133
19306 258
8178 298
84555 1779
49984 52
79635 1366
52591 586
89050 1118
46871 1637
34979 1335
79352 891
11954 1438
23795 1070
64087 1019
99351 1948
39469 1730
47331 1030
28236 1116
8397 223
56697 1262
52801 1031
20694 1511
88116 1941
83294 957
9452 1081
55116 1473
48443 957
37474 1222
20695 1926
44373 1206
95469 375
48480 1380
11431 221
61971 1201
47764 542
86531 201
44941 964
4023 538
85396 1819
62849 1665
40058 660
96960 1638
15581 983
9669 1530
35499 123
17205 1631
51763 181
4110 120
89700 1009
29406 322
34920 1116
48982 1090
9158 1810
36455 1500
66206 1068
37348 1387
89619 553
52445 250
30377 864
35320 1129
26713 1607
75865 1309
41647 1745
86488 1751
84051 440
44649 1817
71421 550
93661 582
71147 226
91048 1091
53693 1402
72288 1843
93006 309
71286 420
99720 1655
61978 1821
80657 124
6382 863
83329 1824
37241 300
51405 443
89820 997
28024 1080
53870 405
87334 989
10289 1967
17496 1797
66554 74
24651 559
84516 1678
76830 606
68028 1391
54831 1435
44050 180
97509 1993
36283 1787
79910 692
73266 1861
73282 1981
35194 305
47233 280
85870 1764
52603 1513
65577 99
74963 1443
61510 812
84439 1422
40870 1671
42807 576
52110 396
68932 1811
17688 1130
31215 843
33906 609
28351 174
71278 1905
45858 1324
43490 906
76269 965
36860 1423
97924 1987
15042 1906
96638 680
13328 139
27506 1248
32102 581
39235 755
29947 577
25645 1186
58734 1032
35429 1671
31549 627
46027 794
27644 275
51276 1557
29078 1782
17921 152
86088 1848
45075 1533
31316 1620
40698 1154
23331 278
88141 820
10953 1380
92221 1623
25969 171
21110 1689
18766 1278
64719 196
74352 757
29464 1851
17172 1169
69533 1648
43818 1877
88814 140
10626 1408
78856 1610
28299 1519
77462 1814
6890 1968
77923 1322
36067 933
61679 1816
42525 1120
82006 1229
16436 1292
39270 1288
34437 1502
12649 934
72295 747
21562 630
69963 1575
90483 517
42679 477
25337 1084
63186 640
70610 1459
83767 88
3456 1425
72638 970
78326 361
8089 742
3765 1413
35787 942
76984 1482
42925 1301
24863 1283
71465 96
95265 645
32533 757
32786 1056
20613 472
68079 1962
67278 1900
97816 1418
87775 1192
49327 1134
30727 964
39667 845
60399 1320
61187 1466
23363 1375
60229 493
85080 1817
3499 1488
68922 653
36731 847
16062 721
12728 992
58984 1461
6779 389
13734 1395
5245 934
40826 126
40534 1872
72628 1677
25218 1402
31237 1189
72258 811
51872 1135
85499 644
10822 767
42280 1116
89965 1266
9007 1633
76207 894
21681 1905
69562 430
53910 1824
69429 1833
87836 1205
68517 548
50512 532
25764 980
80837 159
69473 270
1121 838
35624 1982
31494 632
53944 1167
68427 917
70683 1578
1776 252
62484 1563
69926 245
493 318
98859 672
58575 10
55105 1245
86140 231
96595 1596
33586 895
35498 885
10475 16
27154 842
38072 768
27313 791
84432 1957
20930 753
40310 1023
41075 871
24244 458
62069 56
43943 563
24358 1561
3843 430
83515 1334
11848 514
16827 597
32813 1755
19694 612
12890 652
64376 1367
59631 1012
51163 1185
85158 1782
54860 1810
96121 439
88232 661
44681 179
52533 1579
52236 213
20107 465
56954 1049
77168 774
60347 35
22914 282
46788 1369
16351 1345
92478 763
18694 18
12838 313
849 1101
56471 138
36185 1887
51028 2000
29194 531
81140 1540
66212 782
99986 110
11982 1881
69700 888
9164 308
54805 1185
17953 512
70243 1530
67545 883
27402 1977
93926 1956
3868 169
16367 1358
22312 1893
85012 459
84614 1141
79029 1473
98263 311
55661 1774
44140 285
67959 1758
83305 303
70101 906
33689 1817
91823 1662
52685 1018
65173 997
83603 1786
18953 685
39332 1125
17821 1335
72180 49
31110 441
74645 536
50883 871
33550 1636
83255 1235
6104 737
45533 1372
17729 370
69953 668
53027 67
36359 1622
19269 366
42155 646
36500 1116
59956 124
5437 230
28911 750
92995 685
47547 1927
28325 1278
86648 210
64358 37
66939 1575
98727 1132
41786 568
87214 936
61367 565
86856 644
33937 1190
32260 443
95220 872
90427 639
43450 1885
81881 1045
50201 57
48322 465
65101 243
50271 1390
6214 1240
68247 1943
42699 1467
45245 1995
76627 1404
94066 1786
20211 691
92897 586
73938 147
67362 622
80841 1747
39301 1589
50360 1356
885 1498
23268 1549
85336 1408
99223 1933
50319 1136
2231 936
25730 86
67900 920
54685 670
95645 1983
64539 1506
82444 1486
49308 460
72021 1869
27885 1855
91364 1633
48336 645
31879 539
51576 1341
59202 754
94249 1682
39296 170
48182 314
47747 111
78874 1426
4960 758
32897 1652
79368 685
96426 710
89084 1040
24214 1037
12064 18
22124 1715
42196 371
53235 545
82392 1149
67307 624
43165 1685
25258 1077
26037 1913
61025 274
3729 1132
77745 1948
47552 671
49953 1633
28958 1790
59261 835
31165 149
35444 918
71698 1665
90076 288
77405 473
7028 246
48335 1171
68328 627
84274 511
21294 416
30338 890
37987 1411
14065 1005
23545 1807
44661 997
13940 1083
25166 421
86901 1390
79723 682
28661 1665
23008 1910
54286 1808
43119 1579
61346 1843
98861 1487
36065 1533
46521 1831
90470 1448
47259 746
78461 244
73115 913
35996 1811
24156 1532
78662 441
2547 631
10618 510
16008 1880
87901 558
71443 1517
47829 382
5380 445
41711 1101
19633 128
40478 7
59996 834
38614 129
12377 531
67589 1232
13861 1710
28692 225
47887 521
94591 481
69720 1878
35684 1473
9258 817
80739 1692
60388 1142
64681 1181
36694 533
15580 1688
3124 131
7064 1872
43819 1315
28994 1753
91816 864
15450 1803
51013 1494
20797 613
96648 1323
79661 1071
78793 1140
45597 1943
70115 1748
3368 586
83303 554
46769 592
97645 918
58203 812
15342 1793
91153 482
82549 1308
92490 213
73588 1095
5089 454
27152 1178
76129 489
17258 1471
47075 1732
1417 148
71449 242
12019 648
93267 1197
22583 1244
71479 1607
74045 1125
26099 1091
61094 334
72018 1994
6173 1921
51556 351
44558 946
65498 4
2088 7
72571 262
3002 1724
37766 342
86126 164
21400 297
81835 594
18314 1976
35017 655
71869 125
76471 1809
35353 203
45237 305
69409 801
24928 385
77288 956
15940 1001
65754 509
71686 1727
56732 744
40491 854
42147 871
36260 461
60543 613
8666 634
73057 25
76255 145
38940 1171
97658 69
10311 1589
24465 1402
33893 1736
6767 24
55423 1523
72216 1482
45289 868
82486 1599
14692 774
30084 1965
24348 1374
3191 46
15122 1553
12231 233
54534 987
27967 1225
59023 479
28588 364
71212 1829
48473 1382
88767 978
24857 807
60721 390
48859 1234
42203 161
9621 19
70405 1571
14116 1362
91323 792
58377 1357
55032 688
92533 435
57350 1496
58988 1997
57047 996
17473 1682
48129 1950
52328 360
54264 1518
17805 1615
41399 53
40348 1454
37282 1702
6295 543
74775 722
10409 1172
65695 875
9607 1330
91334 1928
29657 1517
63604 1620
94008 830
22979 266
74957 1705
1594 253
76661 261
17247 619
33217 1897
96490 500
94128 799
46973 797
4909 1347
42654 1924
8210 1741
57087 1979
62742 678
70907 576
77369 309
60747 25
71325 30
78628 1591
28630 915
63159 1195
75789 1492
79244 1379
88519 876
32840 1408
96856 148
33555 1754
17261 326
70408 1775
19905 1773
80340 1766
54099 1536
2659 477
90767 742
8659 225
2464 196
78788 864
70447 588
94945 1070
60152 1422
8395 85
80564 1213
17070 1839
12121 1290
97276 1939
91069 1541
93251 522
76493 1060
14332 1210
57827 463
44571 464
29021 1475
90822 340
23137 386
69040 400
84499 1308
99791 1783
77169 1651
60180 1104
22152 875
38897 55
56865 610
37388 1212
24012 1676
64631 1000
54504 1770
85376 1739
41010 476
40604 1055
60895 1700
81300 391
64031 1944
27380 599
74960 251
75693 1131
79533 1559
93302 425
55831 276
95757 1782
67890 509
53746 1368
64481 329
35984 536
34847 1451
23259 427
23240 927
19563 400
38573 705
34108 219
2910 1538
81821 1074
45555 1973
50977 441
24631 238
25844 1138
22407 186
16628 373
43480 1677
474 235
22825 336
48391 53
44476 5
61183 932
80815 1492
10696 122
77979 1277
37997 1220
91977 1766
1736 1140
30340 702
74453 1744
35324 1784
42645 510
58939 1984
19628 1215
30681 1748
80687 1426
36651 1364
7325 366
98297 673
11065 1378
75112 218
37544 710
33254 1713
89533 1610
20310 1713
56057 1172
95598 1839
21008 1546
28833 704
63785 1656
94117 909
23738 663
28190 1083
14080 1291
47597 1865
4384 381
3766 1658
58597 503
70284 618
82665 108
56090 1787
18075 738
22084 486
53387 333
20584 1809
47028 1335
710 1927
57365 461
24658 405
42815 1064
8441 302
75417 1053
93061 1157
33233 1440
56890 1761
56711 434
93383 1365
89366 995
79375 1565
71887 808
47519 1475
74637 1316
88112 319
48376 1121
30391 1063
44108 1839
49372 1100
54862 1477
8630 961
5970 183
46883 169
52155 1477
97700 1911
85999 1361
92796 1960
9180 1680
41424 1236
80544 172
91721 898
15973 738
74397 311
6562 978
91692 88
16457 195
95455 663
36861 1001
48542 1737
37647 810
39693 814
93427 1233
18150 141
84943 982
39357 724
92199 947
83209 1991
5455 1884
52158 1768
60939 1297
18307 363
5448 900
4748 1602
77922 23
23837 123
53659 1104
75844 627
61765 1118
79445 1951
99883 1047
44741 859
54631 1530
15576 45
7418 871
8214 1736
61869 423
62688 154
36133 1556
90823 1180
15235 1268
96734 787
77846 1171
10019 687
18912 1859
52718 1989
77445 1012
99734 1305
81814 316
59519 196
86049 1340
14462 1867
91651 130
53351 968
79610 1123
78864 1110
21506 1081
48379 1711
15960 1147
67208 1335
52238 1141
43571 794
60088 1737
78074 1813
53018 221
67821 8
31073 1723
92814 1312
67438 731
88623 1253
12027 403
96084 971
91073 7
78324 1709
23915 1668
13129 1129
87479 984
58579 236
79325 902
13594 991
92924 1771
6184 931
3970 1084
28809 157
52972 1616
59867 209
60212 484
51742 1677
53997 1444
64812 1688
26197 1222
56497 550
52491 1372
62478 151
36013 1767
55603 359
11363 558
56938 88
79744 1105
11471 1985
84 55
29744 678
49698 614
51680 371
55416 1162
2880 1161
56243 433
91573 374
89000 1386
3758 765
34543 1619
51467 746
84706 728
30130 222
78114 42
3350 1458
20541 381
75462 889
47491 1638
14054 1416
22346 269
31160 151
7962 526
81362 424
15297 524
90847 238
74209 915
24654 1904
75681 860
84791 450
75713 1456
58568 42
83876 1869
56393 362
6732 336
29355 1894
74658 869
78939 562
8380 1881
83510 1973
57298 1226
93605 278
77501 366
57890 949
91772 170
83398 147
321 418
48155 1347
26768 1928
15619 878
43935 1277
61672 1480
81884 819
68226 374
94915 308
4775 1767
65427 1668
24230 314
66277 740
4526 671
6951 1523
67111 675
1815 1825
73376 451
36507 1692
19128 1706
13268 1741
4917 727
40351 968
15552 964
53211 1778
36723 785
4233 551
71474 1906
61366 326
83974 153
58098 1863
11712 1329
32510 674
79653 518
40337 744
82171 1418
50380 1439
25292 1509
84970 1089
62570 980
77546 1345
81257 973
72305 177
68559 1336
71246 224
3617 326
69050 1117
29849 138
10862 1105
14664 1602
72298 1239
46708 1260
75957 945
630 1195
76354 1590
86500 1980
44069 861
20968 1108
50944 1910
1555 367
49102 1850
32504 1167
71206 658
41020 1784
99641 1558
59205 1858
51323 314
82873 531
94664 1842
99859 1143
73002 664
39086 1994
10097 713
10034 393
52070 1549
48649 311
29734 1042
96697 1038
75627 855
14031 1326
40676 545
78515 39
68135 1572
44654 943
52230 1883
60162 818
63403 1423
33310 30
74622 1100
19969 1158
89355 1632
84799 794
91403 295
963 1250
65359 462
92719 1058
74574 1338
32090 962
43870 1047
36194 849
65667 452
7702 591
17519 678
99097 1901
88667 1413
63206 258
3567 1283
83122 1165
59687 1497
52586 589
51533 1016
89219 1690
77817 789
8182 1023
17749 325
55894 477
96324 1044
15462 1448
65825 961
96281 669
47231 1484
79494 197
19763 1729
15168 1660
7763 1463
95076 1505
47337 1065
86992 1705
7811 1904
85160 971
74350 507
32789 1413
81767 354
99926 270
89317 1310
24419 1466
77786 1245
60698 1436
67306 139
73573 846
191 1552
70821 1726
528 485
61332 280
69798 1910
37575 1415
65347 1116
27418 898
28344 805
32561 1826
58151 1013
79977 476
86991 341
51002 1603
51791 640
18498 443
10157 1988
76077 1348
67103 1445
35125 531
20212 1177
7416 486
9143 549
25798 111
80142 296
9770 1917
42939 1393
59938 946
19637 1896
13192 452
7297 1334
47443 378
57336 1217
9275 1465
72045 2000
56397 1339
71600 798
96482 158
97936 1610
52813 1167
43112 227
29949 342
24655 1590
6640 750
15037 315
14684 1950
13105 1351
26711 1825
73931 1518
36326 450
40920 396
63545 1461
22219 1547
87941 1260
7607 1379
91719 500
63221 1273
44312 1406
21608 142
94861 1435
56196 177
25550 1532
17349 1440
25046 1395
20296 67
70381 88
4692 584
5625 945
48498 1994
73903 725
33637 859
2305 1575
24420 87
83328 518
99778 1035
30519 1780
52099 1942
16341 1041
22495 514
83561 1010
97994 1568
52095 27
1097 862
75487 64
71550 497
38245 778
12734 658
50080 672
68150 218
73627 1782
43203 1080
56652 651
68840 1956
18316 335
76571 1213
17171 1526
94685 488
26683 1501
41067 1916
74609 1960
80941 1668
61070 563
71288 1715
12529 489
95027 564
72312 1871
22125 1733
15587 1795
15120 155
33382 1549
73045 485
55985 905
18113 1104
94736 638
29654 1728
76061 977
1119 693
66952 1451
13579 1378
62671 245
96404 1447
85749 870
26980 180
26354 1637
8245 1672
13281 712
52018 1566
83901 802
99614 697
59337 1343
25328 447
84835 398
1446 35
13345 657
29997 1124
47963 839
37106 974
63168 1358
49649 534
93081 1400
84757 1089
69678 1561
34854 1159
48075 528
76095 1048
49918 256
90985 903
26480 353
62052 1823
61958 1833
25163 96
52983 66
18331 1230
26435 489
26718 1008
18622 102
5032 651
44135 421
96136 1829
99240 1019
60665 1897
28155 957
47806 597
2525 1618
97530 1712
9754 225
22569 1118
93359 332
67277 1870
48186 1836
99238 112
29830 475
62193 473
56804 1987
60577 1710
62603 1227
71888 1884
31849 206
26974 312
19134 583
75811 795
65125 279
16422 1793
39323 1919
45435 327
99532 982
53150 769
60264 129
3537 1802
59699 453
32096 1335
43830 75
3602 40
44377 269
33085 696
3959 982
39977 497
76791 1641
52752 1550
21327 1624
35795 824
23480 1520
35330 71
94197 1278
60296 423
73128 1620
64422 824
36902 531
96502 661
37358 1162
72017 1539
6573 1288
36505 1659
38202 1038
14126 1488
20891 1216
35839 950
97377 1745
78451 1953
53497 1299
92921 1177
84454 523
67800 1412
66578 1704
7225 753
75659 1389
79097 880
23804 866
78361 37
59073 1395
37968 1200
69992 1402
27425 870
78786 1088
57430 1185
86015 470
18962 877
60256 81
2374 1178
35557 1253
31732 500
55417 1847
11809 1595
17737 92
14101 90
63357 1761
70134 1513
57852 1179
65908 128
49527 506
5214 618
40767 1788
22161 288
6203 1740
3114 988
51875 1527
33067 1854
43975 533
46039 1980
7989 941
50215 1249
54285 1901
81243 998
79798 683
95781 297
90689 1302
38103 1746
45206 1693
74863 1590
29501 1177
90795 1660
20916 1744
53782 124
5612 182
93616 702
45797 1915
10760 875
74917 1622
1742 155
66963 705
17202 552
25863 1226
18438 678
91871 16
7717 1701
80493 414
40704 743
69223 450
978 335
7139 710
74367 560
98598 922
55820 754
52454 1777
76029 1345
75955 1691
40842 272
70027 1983
90506 1759
51548 1368
38141 1811
33704 842
64109 1922
70107 852
76233 1289
53778 78
16273 1810
13933 1390
68992 1169
70420 211
15701 823
39000 1214
97691 954
21671 580
49861 1112
63910 1086
75998 1788
49164 13
7663 216
1251 1842
79665 398
77695 1419
2474 656
51315 769
38265 1013
41017 54
45305 57
81225 1064
70003 1387
47511 366
87921 427
57326 1537
67458 473
25289 1937
93541 430
32327 592
1338 1358
22731 1999
69398 123
62413 720
33313 1512
82517 1981
93073 183
64498 566
46293 1615
21804 1737
47172 1
7855 1396
30303 1520
25991 898
5565 1161
58282 1529
55750 447
77807 798
87776 1992
25455 1706
92248 1303
15504 877
69127 1842
872 1388
80341 1061
99198 1913
18277 1964
57962 109
267 572
66373 826
17547 431
52138 1814
8356 1564
19728 501
48250 1541
74521 1030
9908 1774
96418 584
85703 1146
38032 1661
86103 334
74671 669
78753 1519
54566 44
92343 263
41433 1854
57124 1139
67036 1244
90336 1252
30017 180
22452 996
13982 47
80072 1456
52571 1394
26742 1196
83518 876
80377 28
52443 1266
86473 614
68980 220
4481 1155
11260 1920
34761 380
87927 438
55978 938
94779 963
31384 422
29448 1150
96935 265
89063 706
9941 998
24926 1164
40371 1467
44111 1176
72139 1735
52878 728
33920 1251
49212 265
57613 1234
40461 1198
81481 1563
15632 1411
82122 1714
61140 1252
99195 1544
93298 637
63111 1550
35555 1837
14032 1908
7755 852
29002 1624
38691 690
86147 171
83399 1769
51558 1124
5950 45
60832 898
13726 861
57084 739
69503 1133
26898 593
43335 525
27546 1012
76066 1682
19488 1800
13055 1621
88730 1944
81009 1797
22498 791
80152 198
26594 356
78638 678
24201 333
99809 1902
29457 360
20741 802
8469 1881
30857 1678
46525 1188
45458 1100
54221 1112
41282 1545
47222 1161
92185 207
1651 247
54146 941
34819 833
52175 1324
43412 1957
56553 1605
33446 760
92233 988
64686 460
68509 1034
97093 328
55650 1280
5433 1334
89252 1343
90874 1067
13065 1478
61127 563
36616 211
600 249
89360 545
74394 1528
95354 522
77082 275
86114 853
62065 1988
31368 381
32729 249
42873 1874
40019 818
68136 1476
60838 388
14450 948
31232 1037
41481 1226
27203 1053
99511 536
68126 470
16962 1335
68819 1407
73626 283
83358 1817
21467 1284
10380 1650
8523 207
2975 311
78357 985
51537 1282
19878 561
93495 1963
84262 687
54630 1271
89708 1184
2271 179
98736 163
73494 1835
56944 367
36269 920
17976 1236
47939 269
28361 938
52874 639
88088 1566
55140 606
40792 831
50997 210
87209 481
53477 464
43300 1090
16559 962
99857 1082
54660 1581
73242 1472
42191 1590
24472 1396
41457 487
41313 934
67811 388
10106 1351
10859 351
19591 169
57685 598
12593 1231
8131 840
81888 1801
52623 1725
59576 1464
28099 791
73658 510
578 1403
69402 738
6980 1319
69199 1664
41242 888
84379 542
74203 1957
25959 326
9831 1445
71524 1091
48774 212
22824 1284
97215 1417
77550 1566
92156 485
64856 79
86519 1382
7056 899
52383 886
54371 774
79008 1768
20649 1989
79612 1509
71283 739
90885 1535
37658 1460
24129 626
88345 499
10746 318
56997 806
58968 664
57273 1563
39765 1469
3482 1545
42003 1877
86361 1504
60007 1134
10063 948
92321 1080
3079 1186
24152 475
32162 1601
99764 1997
66395 1835
76629 826
37657 682
96179 1189
342 1288
76489 1517
71317 1518
2840 858
55506 928
26800 1034
43399 59
22949 740
92121 1008
24404 290
85401 109
41902 1264
4332 866
29789 836
4102 1066
20816 80
21365 480
51844 1750
10921 1310
7160 1679
56930 17
76335 1392
6159 1230
30327 466
22695 548
43514 1872
71863 338
334 1517
64894 446
64540 1439
40047 1625
57424 1878
32578 609
7132 464
13638 803
9562 1824
88891 665
40458 1566
53504 1471
5141 145
22177 1555
77069 1965
2882 1004
72674 1049
40580 782
96786 288
21016 213
12355 880
9106 363
97734 1991
48749 396
8864 1835
20351 435
52562 313
81434 729
96588 944
92408 1571
60177 1582
94715 1661
76393 1510
87156 1995
67263 400
74726 250
98345 173
78941 1560
39883 42
58896 1066
69847 347
11553 93
84922 316
18536 1495
73352 1423
71949 1011
17993 1602
98355 1314
62241 49
31674 1514
14703 1588
43557 1076
91188 1483
16105 1964
54953 650
13402 1201
37919 1462
10729 506
39044 883
20515 1427
88658 1793
89179 411
98517 294
92260 375
44874 1997
2220 262
25005 1137
30428 1316
6403 1514
77638 640
63471 193
52879 379
27998 1360
64205 843
96807 1134
13274 1336
61922 297
35282 499
65258 1360
28472 141
44406 1520
16188 482
42095 1161
77185 984
20879 812
36022 1559
81959 1090
34603 172
6683 1192
55677 566
12999 672
6944 1539
2176 87
20374 746
60898 646
78134 960
50888 1520
52444 688
63170 1685
45015 363
54406 517
84225 1790
83129 1727
46772 525
20833 1809
23415 684
85835 974
49014 1298
4398 1778
53473 1688
40180 978
52430 402
98306 2000
3432 935
15372 1501
70526 1365
41281 1810
9636 1867
67809 405
98018 707
26038 264
68139 223
98428 1829
25351 1911
90355 1702
57525 274
27341 291
78947 176
15921 23
12252 689
28912 960
94671 1337
15989 1610
33042 343
81632 544
31423 799
78800 175
95509 1755
11720 1371
99766 349
56880 745
203 979
93827 1949
15510 1687
38779 301
75012 218
7484 1311
27469 1368
23909 1044
48969 536
20871 725
41099 1791
84887 1983
607 1294
37153 76
14763 1251
97656 1414
71358 1807
87478 751
45051 135
4581 1187
46155 737
38701 827
18951 1974
13497 1237
85982 537
77138 1591
13339 7
17792 570
