746 1969 59776
75278 229
6091 233
93278 237
83448 1076
32071 180
15149 1183
39145 1416
99739 1362
72862 1780
25874 1724
74921 1382
39801 64
57688 1405
24227 982
65338 1914
55151 1271
8247 54
99973 137
1612 178
12967 259
77201 1215
62615 1
58943 333
40690 596
53928 746
99994 1119
57990 1379
60857 521
2171 1336
71943 968
99410 369
58922 1526
16491 1764
99759 319
34823 246
41321 705
6896 1703
92748 1819
93728 1689
4054 1386
26494 351
13331 712
50237 1773
9605 716
77515 1242
93909 1637
4439 1988
93206 1089
26188 1585
23642 1276
82003 342
68798 1074
97688 1816
5384 955
21395 1419
20459 1721
25305 299
95294 343
58006 112
27030 1894
74373 307
39601 903
65232 101
42998 1013
87187 1718
50801 1526
28748 671
20786 1794
14958 697
76678 929
79662 1666
77804 1085
57768 1534
90972 1275
36775 1147
89856 1475
9093 518
24413 722
31324 824
50329 1673
82584 693
88756 1005
69504 1701
90746 584
15227 581
45610 1483
26710 1302
53462 1233
92491 435
33428 1403
57447 168
22741 1076
62132 1565
97681 9
11654 125
40878 1647
27434 1727
91081 1614
99150 437
963 1001
67923 1582
21760 648
20780 858
29219 1099
7782 911
16304 1024
3838 56
71197 1293
22376 270
83977 278
60183 297
30392 1411
73776 1841
68478 253
47064 1202
57500 336
47722 727
78539 1991
93517 1448
15629 884
89286 1712
35734 297
91130 300
70017 158
44813 1048
95505 1938
55622 473
93272 487
29422 1319
76980 992
83898 1743
33290 1093
66333 1481
15688 512
56602 1728
95945 582
20946 382
60209 1746
16553 711
40467 934
6021 1157
1909 761
23797 1173
51053 673
96051 1878
7639 1007
92924 1924
6941 1260
60595 940
71097 1869
28656 1034
63703 1132
2299 479
6669 896
64794 50
10134 1703
61543 1205
92250 233
2993 1264
11838 324
24879 1307
14945 1750
4699 385
72046 1065
55142 534
91753 955
16597 983
56162 708
91765 1722
71571 1647
40009 1388
93878 406
81762 555
59039 1864
77631 874
14357 489
13006 1911
64753 391
38458 1137
65968 1434
61073 456
60775 11
67395 351
18627 79
32127 1905
11326 1240
20224 590
53178 983
89198 806
71177 716
1711 866
73666 776
99021 775
67559 1197
15499 251
53755 1563
58227 437
12891 1779
34715 1614
59132 57
21860 960
32829 291
97167 1368
44252 765
19827 468
70792 320
89905 56
20426 205
45588 34
10005 52
35971 1467
68460 33
56855 89
80392 69
72583 1926
29331 1096
24403 524
36019 1463
27211 583
35332 882
70924 813
51298 1513
50987 142
53988 753
8023 1448
71143 1149
48612 189
83019 231
18954 654
96174 499
27993 22
82858 193
40113 160
45443 597
78382 1959
54773 939
22220 905
85359 1592
42865 1592
33152 1207
55849 486
95798 778
71132 1431
98955 1336
40304 129
79186 1309
61269 1772
58095 768
17229 1224
79050 839
35399 1213
38523 1936
606 1940
90379 1656
90816 1379
2725 1753
56545 1124
91902 763
45988 7
46130 1192
39340 1025
25978 412
50909 1262
99024 1716
74873 565
35253 484
71206 128
43163 320
74839 683
13995 799
62785 138
4782 263
20811 1227
20805 885
63356 1655
96666 1717
67737 1602
90066 1540
52762 1478
6796 76
98787 731
99299 1680
99697 1281
69522 1969
2132 1263
67255 1431
17510 367
96589 1851
15516 1489
73835 220
85148 1463
41860 1888
962 1401
34847 1491
58920 1498
79031 1637
57697 72
25151 1922
6731 1188
7 333
38802 1921
88955 1776
36567 1809
31459 275
34952 19
11627 872
25686 300
88961 1963
89391 1501
16704 514
98436 707
13224 351
81737 198
82761 590
20878 60
4137 1082
4836 1256
65623 121
76132 1742
3264 1906
97106 1799
61532 1372
31314 1718
64848 145
97369 220
34650 1637
7678 1740
17641 1573
81076 1719
53305 1073
67886 1576
63799 1673
52114 556
29232 945
58885 29
25167 677
93353 459
93153 1203
96046 1945
43152 1859
71821 810
48616 184
54760 1960
75271 1631
88759 370
19817 1931
52182 1006
25729 1612
85885 1310
55839 1414
81138 755
5888 214
95048 1903
68255 123
96929 444
1533 1092
63144 1088
21476 773
2134 1337
14391 1647
76708 1749
42583 32
58540 1532
21456 1048
80191 1795
60293 694
2245 1390
18474 1215
36402 585
48754 444
68379 1892
26482 270
90984 364
19606 1773
70000 470
23641 905
22082 1113
48455 189
73401 1325
22001 1164
89526 1913
71088 1385
89814 42
86066 338
1336 965
27476 19
84424 413
33113 548
96084 1763
81164 36
35309 909
48654 1350
57426 1272
61808 1010
66661 61
73465 20
56310 1872
45309 1457
21277 1482
16476 1655
90826 758
69210 221
26599 1546
85985 1405
59176 517
96180 702
67872 1592
89819 894
22788 15
15201 512
36261 1621
78261 975
77177 1290
85717 1869
11417 183
34191 205
78124 638
73383 1764
53733 1203
66134 92
2919 698
38614 378
46423 19
18317 1433
1875 643
49498 1747
90987 1925
78043 1902
15006 551
68514 824
79427 1728
47964 970
38199 1801
14515 254
50856 1273
25697 945
59160 1731
62327 325
43977 738
95747 1059
72182 596
78920 1143
96568 1778
74467 1301
82286 1761
86838 1934
16281 1909
77559 915
70567 1473
16743 237
51934 1545
92208 1547
8032 520
49346 1971
48797 1704
37606 443
44501 1357
6484 1314
81081 614
92447 445
57753 1542
61880 447
99219 565
21588 21
64172 1021
32416 1123
14043 1203
82652 1288
76795 1520
47903 257
95612 298
66234 487
75351 1576
48733 1871
44957 758
34109 1028
28948 1431
20105 1174
72769 855
74854 610
74181 1003
28665 530
40903 1985
44471 886
58012 1188
96620 1606
52584 1649
40733 338
91523 1549
85037 20
3596 1694
93044 1337
45412 723
78621 1038
51574 1573
16215 1576
41243 845
60895 1999
50415 331
21261 1508
98903 267
88608 1187
49461 141
53322 1901
88471 1333
71950 1135
80099 82
7652 1896
65574 1296
5352 1585
89435 1
93029 272
66560 689
67230 1237
42650 1797
20009 1034
88945 1454
9427 10
86776 589
41072 447
6155 482
96930 889
8388 801
97579 710
20015 824
26334 1918
75413 814
39989 1501
14225 795
32660 1712
93847 415
82745 950
19235 1440
88065 395
95834 914
38660 767
43855 1851
78716 1119
96993 1813
60223 1198
12102 1590
26602 1180
80369 1790
49506 1501
371 139
17223 292
99601 1874
72598 1635
72507 360
3802 1379
46533 1706
39112 210
2929 1203
58584 287
12795 62
8212 1990
52276 1383
66966 565
1856 1573
20028 1269
41080 901
76100 875
54665 752
91694 1828
77558 413
37975 920
3677 235
73029 1468
8216 1095
76291 1661
44198 163
12712 359
41904 58
54199 1085
77819 1445
48101 1907
74065 1433
5404 484
43207 55
25799 1642
42687 750
68177 917
93825 1303
69661 587
50196 1925
34702 1777
68862 216
36992 1846
86110 1398
12197 915
3626 878
36952 127
81226 1570
47777 291
81025 1055
8598 1808
58279 481
37120 1080
15205 1113
27771 1034
49752 1935
14626 1922
72025 1621
97863 1920
25240 565
21326 1553
16555 1248
68481 816
64475 848
17760 122
21374 370
12547 1764
73160 262
80536 1614
32068 72
80757 1695
77466 131
1793 607
93492 1000
40868 1746
24224 1926
45923 420
61563 1267
35781 390
80437 1339
75660 1782
3755 1393
43245 110
74007 1928
61672 708
63884 1466
88039 262
84439 1449
14022 440
5062 1091
71599 1754
43720 1974
13174 457
9272 1668
74821 813
43402 555
9214 1971
59761 147
53729 1011
56873 1548
74780 1584
56125 330
16282 743
55510 603
72684 1684
22152 808
68918 298
80446 1803
51217 871
13435 1824
2567 1173
88836 1606
8144 1879
67692 1033
39236 740
13050 1862
51426 596
91317 377
32059 344
47283 737
5094 1725
38049 393
88799 1526
82933 994
80320 1003
66891 1751
50984 442
87603 598
92303 1399
20526 154
59773 595
48163 1215
69357 1401
92521 771
27349 457
56908 930
42752 984
77711 1538
44222 1419
94862 1895
62728 601
1665 707
94997 861
73072 1395
96864 1486
11453 1463
64071 109
57640 1141
76202 1849
76323 746
55513 797
51234 708
74636 1136
63747 1652
91713 939
93372 1856
49643 917
598 85
91936 1420
60391 543
86685 1073
29004 896
49580 869
73844 1111
20189 91
62594 1563
72591 1145
59478 1315
88269 1903
73979 397
42631 1258
50022 231
49902 321
54976 1603
83358 512
51358 1983
18144 1904
83271 1443
22797 619
62534 1160
78951 1052
50224 1551
98370 227
58875 1648
18188 1884
59872 979
36353 228
227 1653
78284 950
19519 913
79502 1724
76688 939
31694 874
25128 41
81969 1672
43488 1793
57117 1235
6192 1198
47432 135
73946 1012
46791 711
