7635 64 15151
48130 1870
25556 140
83998 467
72813 1219
81284 1624
69080 1022
65989 1912
67862 1832
63181 1475
50546 262
40978 393
97252 310
41136 54
61852 426
1210 500
5031 694
57583 981
66160 1635
34035 793
53293 1011
34556 646
59811 970
45503 1803
53668 28
16907 1639
1155 630
66651 663
56917 1698
43083 1804
56578 1575
1701 426
97654 1250
82728 105
8475 1388
4216 627
40872 476
66088 86
36183 1509
69554 382
98332 1126
57309 1235
27599 370
84468 1
86008 1348
95172 195
39095 575
54861 928
89472 1868
56647 1617
92367 273
43442 1878
77835 1454
50618 894
89918 1772
48683 271
78825 1151
34612 1574
26882 762
63610 1385
97560 695
56986 958
76487 324
10412 364
24225 1452
4147 349
56448 1240
38313 762
28806 773
59872 964
53671 33
40787 528
26998 462
34458 961
97247 1645
78673 1905
11467 516
45389 429
49688 1603
32744 1224
18050 71
63643 1525
56559 941
17212 1764
32431 1137
29362 573
75760 1154
77065 1145
21684 137
97876 209
84230 1504
91243 75
92544 1705
71957 352
98816 1565
34264 1615
87027 1023
82554 475
99007 1884
92424 498
84237 74
79532 1678
93421 1451
59169 140
46976 699
90580 632
36697 1637
12084 373
78623 436
96197 478
81516 1582
14461 646
13964 910
60458 1758
45873 1071
33540 1284
50063 1354
38482 503
18080 1554
82412 888
73470 244
77368 190
27618 837
5377 136
91258 241
41794 102
2976 1706
28465 1890
76287 1187
62122 1231
43593 1971
99710 1008
30212 1478
53501 50
28761 790
19063 1258
9083 1700
2774 1626
94284 622
95830 1613
86729 616
33971 1484
22434 1989
95336 1235
12279 310
13467 651
37073 390
3121 1103
57751 605
42953 81
89452 1280
66188 1508
44997 941
10740 207
43003 536
41287 1200
35282 1799
44692 479
47881 1976
56370 890
87745 1425
23877 278
8249 1768
17780 1105
50568 1341
98078 436
42063 863
33233 768
36605 1638
80827 1850
5918 1979
97804 1570
64338 1231
17709 1165
18148 1303
36808 493
26218 1706
87019 194
31048 1803
53257 222
21791 246
43130 589
11958 230
6366 275
11303 237
78606 200
94126 299
94186 383
76086 382
45805 1655
90303 1688
14164 542
57738 1040
32303 439
27100 990
33465 255
9775 113
95401 182
75632 1520
19918 1064
79297 1332
17528 785
37123 1084
18248 740
88105 1429
45008 1355
90421 1579
14780 1242
5053 1084
68945 1711
33008 1193
88102 1697
21415 1433
50204 810
79150 1049
28015 1086
94031 206
90263 1592
68803 781
48928 1895
29452 88
41151 256
5932 776
20667 215
38570 261
77704 883
77102 311
29100 1505
5834 619
71500 1156
92754 1796
44885 669
92646 880
90240 1143
52804 462
62376 56
61169 1921
73402 886
9845 1533
68646 28
18109 418
80592 189
43056 117
52704 1240
36191 194
69960 1077
32898 1861
68178 1459
84698 734
8691 200
41132 1663
73768 1186
28479 1122
99772 142
95215 329
20776 1687
49885 311
69897 374
11756 1806
52787 277
9673 246
78431 898
2119 73
11195 1167
29120 702
56461 818
7213 1456
38799 1230
86379 722
22932 835
51835 314
34764 1565
79465 845
88259 521
95953 763
83481 609
72746 1280
86842 1196
35756 1290
94652 764
2417 1745
72007 585
45150 489
64553 677
44546 1523
70475 1071
60825 580
76867 1432
77570 953
23508 1835
76629 340
79280 1669
25833 864
48431 678
47198 1218
83863 1086
30020 1184
72223 1329
47182 1276
3579 1215
85587 449
35475 956
63280 1851
23667 643
79336 14
96120 85
66017 1008
46793 742
57264 311
39410 1139
80876 232
70864 306
10199 913
51506 937
70119 539
85265 148
58054 796
62896 523
62846 1348
97138 400
90865 1300
97852 1775
54989 1504
28223 629
28762 123
15853 391
82994 909
14632 1939
82238 1210
74287 1486
71811 7
19059 1555
10033 1274
93648 1450
19585 1030
11614 885
2149 845
415 1984
65649 1926
3895 280
8524 1288
35622 582
78977 467
53043 1180
7512 1172
86193 36
74062 72
54853 1029
67038 1583
14473 215
35101 1702
73627 1410
69650 51
32844 1688
39251 1736
8190 561
73283 521
77595 491
45521 1489
30259 306
78200 944
31192 1624
83323 1424
61451 233
62042 1951
89408 957
28338 1077
16252 1569
31912 746
24343 1122
93975 1938
16884 1217
41850 1005
24992 1384
38987 1369
15823 622
57581 510
77641 1049
37373 545
96775 1615
91042 1668
629 395
63047 1185
34324 1017
88851 724
26250 817
86558 1381
85397 968
73717 1039
44940 1913
25214 79
69248 14
42612 993
93049 509
93983 1553
16579 1453
84341 1375
93095 784
60866 397
7153 1586
82056 688
39965 1147
78621 535
79870 663
7134 938
58459 237
58829 313
43195 1210
39657 911
75952 60
80054 1486
97391 1287
72811 315
21323 241
18922 1272
46211 755
25884 1649
17021 70
87369 1362
5182 554
20808 219
68801 43
63904 1696
84367 736
74386 1716
37529 806
13171 1568
47043 962
59206 1576
90102 1958
50130 138
37402 80
81436 853
35045 111
59991 424
45509 1276
80741 1339
36202 1598
66305 984
77711 627
6504 267
12071 1967
64830 1781
45663 1358
76862 369
33781 573
46220 653
26315 240
42027 71
52350 1203
22224 367
10019 1748
97206 1406
59339 1866
60630 995
51610 1132
43642 781
77392 1916
87365 949
7638 937
40322 1950
8493 116
11213 1020
84463 1355
85075 712
47210 170
71641 1787
31564 1331
11310 1113
49932 1601
2838 943
63326 1830
24842 697
521 754
51516 337
47054 1488
1105 1181
22796 1387
90275 1458
41949 1646
79453 1723
52317 770
90664 1130
12146 472
44040 761
75156 119
90634 681
90819 212
64400 1702
89732 1170
87625 1368
7583 1818
32139 126
72742 1823
45784 902
39646 1529
87997 115
41726 80
62296 1006
31901 1629
38332 957
54545 170
63805 234
98013 919
66086 1492
99215 224
72564 316
61051 1623
90360 705
43940 271
26055 160
99931 1668
221 782
65515 1086
52095 177
93015 147
88562 1176
97357 1025
78412 1787
62400 160
52161 472
87270 1086
74124 1866
66775 1213
74947 1937
56416 845
94069 1011
81573 1424
98538 606
14795 1454
19678 1761
71936 142
9484 442
5423 401
4009 1944
66994 1058
41524 1331
469 533
39761 127
9154 1486
58113 850
59127 968
95475 693
48759 1918
41338 525
88736 743
25472 1509
61683 1104
87665 828
565 142
21208 973
26162 1968
53947 280
95005 1343
6718 134
33264 420
61920 605
72972 1296
64719 1707
88163 440
72113 1026
71386 36
19544 1921
82010 430
68096 148
78347 328
7494 852
44013 283
67443 232
27525 70
64311 87
58560 860
35932 1582
64862 1056
96428 1375
91166 1423
29438 1935
23621 135
22013 304
95806 528
39978 1833
6182 1474
84113 1017
22665 232
57238 1488
71504 1756
46929 713
34037 164
47561 907
67175 898
40630 1956
99071 505
66157 1431
2481 1912
31309 1632
47674 1820
45021 1594
85083 1422
12004 1348
40789 1834
6981 762
28701 1764
19850 38
98767 210
92658 1456
63896 906
4507 452
32399 64
26403 230
36613 1084
96493 1825
55780 820
60820 790
3982 1604
63726 720
21315 1658
6135 1767
42588 1529
94101 1883
68476 147
88044 1668
6987 1691
94254 1780
41733 392
12909 817
28918 1767
36965 1816
8957 1286
24781 69
12385 98
950 595
70536 416
49080 1954
12704 1423
64079 64
83591 130
2679 952
25355 548
80619 323
49785 1718
22146 1130
93813 773
51372 1847
17334 1521
50981 759
31388 1361
34989 683
23658 559
12674 734
46351 984
73458 478
73923 890
80559 1502
14705 1294
36843 1034
36448 1428
43343 805
58649 873
57936 380
99875 1953
4080 1478
44643 1177
59735 995
47727 77
77808 1776
53689 1766
71516 1281
4686 568
81696 1824
83549 316
88191 1515
80753 1420
80809 796
2559 1363
87322 673
92228 557
76422 103
75504 1494
22514 1148
53973 263
65241 627
63231 1094
93868 1845
64009 828
63157 459
7256 1959
88140 1304
82480 824
33663 631
13673 488
37820 754
92274 220
2296 1466
60667 405
52670 575
6672 986
17946 894
69169 1351
73045 1934
59513 652
12927 850
2764 638
60324 1832
36376 337
92209 1645
2055 776
57221 211
28212 644
83106 54
38672 456
53219 1970
29534 1229
11549 53
63034 668
25569 1572
12053 1074
72763 1805
3044 1227
51508 534
98209 362
96014 1642
94001 851
36078 1372
35256 964
51653 558
61689 940
37047 1761
53047 1153
95150 930
61454 1052
57195 781
75805 201
23884 549
29197 1728
95983 446
95395 1023
99457 1158
44167 1719
98904 628
83905 1978
31697 1201
57920 684
2963 1247
27325 1283
86768 1005
43320 1643
58644 1849
37654 1039
53500 146
28921 81
57522 375
84776 1330
38556 1995
32462 470
977 89
13397 46
33786 1570
70891 631
74006 750
17966 1252
64186 249
13791 601
13299 858
19496 604
46126 1652
35403 377
82641 28
79641 24
63000 1075
35683 572
83132 189
34897 87
33346 1747
16559 1419
33984 1641
66895 15
80847 80
14810 1125
26760 547
44716 1466
80088 813
87362 1767
65264 457
49098 291
83904 814
43400 1326
91341 1799
99509 1796
55939 871
97797 652
58286 1512
70260 1213
57614 77
66503 24
37286 1547
96759 1382
53862 990
52684 1594
3769 278
87978 682
17869 1576
10357 556
69870 344
35087 1471
5416 1710
75047 366
56646 175
9564 1660
85179 1290
63607 237
44171 1983
95635 366
19307 156
69878 1863
47660 692
3643 1172
38086 728
82581 908
95254 1252
34757 820
25937 461
70257 855
93153 616
72685 149
51569 1763
2246 1443
57534 1311
28714 73
27811 1816
46822 171
38087 1743
6717 387
34392 452
78252 400
10783 43
25645 459
67691 1964
33628 1687
85645 126
93940 544
65097 677
64022 1619
64049 576
55712 1317
13864 1775
77232 897
5075 1361
9711 1517
44091 1490
40972 1315
27167 998
86934 746
61961 1062
91458 1374
71505 1836
28755 1589
5785 1890
79588 367
398 1914
19834 777
6426 712
42351 1933
94124 1649
21816 665
97574 655
89744 47
10749 1715
69049 630
13258 549
79417 477
97973 653
74766 1404
70447 932
45693 148
21782 1634
56613 1537
40967 1832
29463 1916
54997 762
55113 1335
87237 1720
19578 1149
40618 1652
92050 1900
69902 47
80849 1044
47011 562
60300 1455
57053 1801
45592 1894
72375 903
91191 1861
45971 987
83145 176
51144 1946
17963 695
27631 977
37577 457
3003 1936
26509 557
98422 1349
13071 143
38252 725
31578 1258
98725 1026
10957 603
64201 1007
22861 889
40468 1243
37253 1429
80259 145
23606 100
54836 1128
42418 556
54555 1637
43532 786
56999 1503
19455 1301
99964 1316
83245 1607
12732 123
62562 1824
21843 211
32058 571
3746 237
69986 759
39801 1438
24589 1298
49655 154
682 135
68234 1211
83614 891
11071 1600
84683 1715
73418 697
61158 1655
48865 1001
30104 831
16897 1750
28070 1679
81645 529
25292 1156
79494 1426
10598 853
84007 305
720 650
26241 1344
82875 1029
75917 253
30181 1143
61873 329
77569 899
52769 1231
20905 1310
86606 575
89291 452
18403 1970
92123 483
85766 1807
74895 49
56081 285
6317 973
34923 291
5946 1122
15732 347
73937 295
54360 1368
86957 175
10482 1509
89808 1598
28450 1651
61741 900
88942 1048
55489 1080
17280 348
65898 1282
83577 620
1004 1957
38972 1154
35996 403
4026 1635
86243 378
40519 1569
91695 157
52007 1596
70827 526
52447 1023
40523 910
30801 834
6264 580
60074 855
59061 372
94574 1575
77591 1813
62937 1838
91692 1861
29482 654
23227 1242
54097 70
17997 1017
21019 1156
85843 1382
44923 1183
57467 93
14138 1724
53081 855
12576 1506
81292 6
59050 881
46152 1064
14366 1441
27596 1324
94010 1405
890 1865
45371 1038
68701 193
14862 195
31110 186
80560 1898
89561 643
3175 1113
34010 1080
93971 1794
30533 1912
92471 387
24476 604
3214 549
65747 1658
67023 1918
43515 1734
1812 1651
58581 411
31054 1344
29596 1101
61682 163
41879 743
46972 1897
78893 1888
43988 376
39244 924
76789 666
36254 879
63521 923
11041 1984
64132 786
51538 272
59461 1045
1351 896
21125 952
92958 971
50523 896
98978 1942
52781 544
4094 1876
22822 1599
98236 1343
1897 64
77093 1783
55196 681
99530 10
41106 1686
95389 674
45911 1434
2317 952
70113 252
12430 1797
41041 235
59644 1292
51048 1305
70373 1535
84448 95
49879 1964
62114 1740
80823 425
88425 996
73729 745
31709 2000
16540 1298
32701 970
45334 1290
99311 1212
31644 991
82754 248
46756 474
82835 522
67456 1543
15195 1110
52798 1592
40174 247
73493 1246
9464 731
71034 1443
95892 801
15702 298
57078 607
90302 778
27410 576
72557 1392
21154 1421
87424 1577
4004 1746
28420 1075
54486 477
57796 1496
11566 1914
62938 1036
39268 1903
53902 1564
21068 145
48651 1370
26330 818
4951 88
85600 1651
70287 439
72686 1368
80569 752
50080 58
65968 723
6909 1644
81490 1354
19066 180
67219 1786
97801 1098
36426 222
24083 1081
63013 1550
61581 403
79015 1932
47269 512
8259 968
98099 1829
98990 1888
64985 33
62047 1493
869 1309
77858 1397
55540 199
24250 141
97383 1575
82879 151
26487 575
3286 59
63187 239
67804 520
65272 1976
33336 1982
93918 1719
80929 1191
59112 790
11850 1134
48734 1429
30661 1913
75462 1415
68134 700
31463 855
46581 1859
56936 332
90898 473
31281 225
43507 558
20140 141
80109 1289
26471 1338
69699 183
55785 867
4345 1482
14135 1971
30484 830
30977 646
50680 1655
25253 1312
86339 369
6267 1640
86179 1711
11272 1833
91085 590
48198 308
60723 602
31720 158
71981 922
94539 1373
10335 693
41543 1430
24191 21
63797 538
95038 167
98334 1400
11718 1102
887 1575
23042 1884
29492 88
69333 772
16566 258
95846 1377
68198 258
96084 1520
80705 23
42602 1890
32782 1766
36415 1969
56245 818
63139 1450
57010 659
7740 1550
75329 137
98819 1026
39373 1735
63926 802
6325 1585
65702 287
82421 1851
48119 846
25541 1794
40027 1059
51726 1434
22588 432
86274 793
91512 1279
82684 1328
79627 605
94104 1536
24100 1240
643 1482
8234 930
57443 755
39653 1275
27182 1288
25924 1343
94717 125
58138 787
30090 1010
64734 471
43936 1935
77488 617
37890 1472
61517 182
41554 183
79637 68
44322 1671
49515 1920
2859 446
91701 797
74277 336
43913 539
31647 873
40556 170
44592 1598
29024 690
58885 189
45421 1257
58747 979
27057 674
23423 669
96928 1484
39049 268
26611 1683
19140 635
7436 1851
66422 1017
98764 1381
15649 1977
41971 844
77761 1744
31094 170
95541 1408
51359 1005
51802 1695
63401 770
15201 1490
41683 996
37615 718
87619 556
62990 326
78791 1417
52398 1124
85116 1057
37941 1006
3085 359
16929 184
34530 144
22361 1718
76649 277
28218 1949
1198 79
12678 1545
70195 1547
93443 1760
39449 1901
32965 1089
87829 501
42393 1170
25672 187
59941 44
87645 158
33034 389
25679 1138
71217 288
44493 1074
20967 283
77989 202
529 755
21930 1246
50859 837
30681 1962
57098 1711
32895 1130
48627 1980
52696 446
88857 680
75232 906
49609 1930
38595 677
54610 1026
5998 666
71941 448
50439 1447
41449 456
45022 930
33590 1178
19055 1219
94565 52
46994 621
47901 257
50806 932
34687 1988
46441 410
96377 1905
85025 770
76364 1073
75154 574
20089 289
48516 1513
26340 378
18281 719
21856 1177
52099 429
82143 928
95844 1619
15550 843
82583 29
96698 668
99671 1579
17270 1806
60600 1597
41593 1764
93476 439
5882 1839
99310 1326
48352 1404
16114 1486
88433 318
68745 707
91348 1249
29559 117
34344 356
78896 421
13985 821
82971 1615
18246 736
32891 1264
35328 820
84756 1116
10885 763
38891 1145
40522 1084
91718 1963
30273 97
4637 702
47333 1686
48181 888
48161 1127
35208 1564
45130 932
12483 1053
31755 1400
83882 622
2524 1613
37511 447
29786 1837
10132 1708
66177 1164
4577 974
61566 167
77270 32
22986 507
791 1832
78109 1242
17835 536
4376 934
9909 1938
46720 6
20969 1736
51761 885
14511 1712
33738 156
37815 578
61228 1566
51940 1183
43679 453
63600 1172
59387 827
9658 1538
43786 939
67237 1187
84740 1269
59114 1474
80748 1913
61329 306
48400 342
43464 1667
68217 494
54248 1980
63576 523
98110 166
5531 328
74383 321
57071 341
23068 718
72226 1605
16267 1249
80454 1686
71370 674
89446 304
75150 452
15592 1610
64570 1852
17566 1603
23115 953
67539 175
38312 98
73451 1010
70972 2000
35255 1732
18170 1643
99667 174
5018 612
62040 1823
67597 1888
5208 462
38565 1875
2557 349
21410 157
26081 243
20794 1862
5217 1687
18637 1836
89928 296
45003 385
98576 821
85031 471
35214 1672
59533 774
6764 371
46864 1284
40990 1548
17654 949
84197 1254
33488 1642
22783 443
75921 972
80051 921
3620 652
44615 934
42321 491
76852 269
94579 1459
84493 1847
30067 47
97764 756
59211 1522
67223 1330
81089 1853
31995 1227
55120 663
78689 1325
10306 592
42626 604
65167 485
35227 423
10666 1017
54053 51
42438 1922
84395 1628
55565 490
11531 1166
52395 1934
56536 341
20284 312
12752 121
506 1454
29935 322
76075 131
51261 1644
35549 1873
6986 566
38563 1222
54356 496
85958 1930
25448 691
79053 355
5943 1178
28693 1491
39447 1611
87918 1714
52197 804
26179 720
92586 714
41302 627
36849 665
67054 547
98237 1895
78138 1844
39396 1126
29970 271
44492 1756
4054 1010
9517 713
1276 531
34426 1472
11757 1358
58306 884
83609 1715
57836 1965
6042 1877
92319 1878
19068 1047
21114 337
35040 395
25430 354
61768 1339
8297 1795
48099 1783
2053 254
71592 1060
25597 558
4873 1499
21893 495
27851 848
59917 1153
43693 279
53025 1805
78506 1873
39091 546
18006 670
10922 682
59810 854
97082 775
38655 1687
92576 1067
92132 1574
52455 1378
31156 1792
31222 1601
82255 1890
83996 66
45832 847
94833 765
58345 1166
55100 1508
2357 1853
96451 206
21349 497
66853 367
3720 372
85436 713
42557 1829
14882 1268
49159 646
65577 1842
19230 1403
57911 544
82154 1417
87291 738
67222 277
42281 1883
36359 687
26714 988
48773 1770
3159 507
67589 386
26374 1543
83813 1731
53633 551
31123 35
90772 1970
68270 294
75345 964
20168 1581
32516 56
6152 1918
5212 508
23610 896
93708 189
25079 1461
10024 804
9013 955
46539 1767
85212 1858
80344 349
60531 1502
40164 835
6610 202
2420 498
96558 1223
21619 1889
74329 1011
15341 1474
77745 603
37714 937
53315 686
30201 238
62177 345
97323 1522
25409 2
12497 265
31599 493
73877 1123
93087 1326
1109 1958
95688 352
23152 1639
25118 157
34986 1305
49581 790
43914 1894
93839 312
30714 1928
23692 329
89389 1667
24835 521
13301 757
52604 790
65009 468
94739 1529
85082 1064
33425 1481
55250 927
71349 1192
16755 853
98669 493
41991 1783
77739 727
90034 1048
13196 1528
91637 1493
77466 1563
37691 143
27011 788
3859 1797
512 261
66921 252
47226 1558
93817 1964
11647 1782
85477 1845
28866 1841
77189 156
87962 1072
58043 400
60100 1381
12824 247
47334 1204
97418 455
63396 705
27681 245
27837 1235
56617 391
10985 1983
68177 1652
64679 46
73781 870
73776 1201
28578 1466
80879 336
76063 154
1983 601
74297 420
31978 1042
24663 476
74151 1834
41317 819
16635 341
90878 194
39942 1531
56677 444
45470 862
47191 1437
12775 1882
44642 840
65675 1542
6217 867
92494 1073
75357 1073
71681 870
19219 1510
35117 281
91697 648
95080 1627
2540 1066
56681 839
42207 1737
68351 1860
38370 859
50709 705
14715 1455
88229 1189
21401 483
87680 29
58095 1751
57818 814
3656 325
75055 392
28094 449
16072 740
81744 1044
4564 999
84009 670
22483 496
10713 1871
99418 375
95544 1373
57867 1244
63377 1080
66936 833
38733 1466
78979 690
34558 336
20777 463
40308 1443
20422 1082
57356 1849
46601 1479
55578 859
4441 10
18802 1043
36477 1780
39760 1518
93297 1062
96364 1388
66358 1319
20676 1862
44085 747
53806 687
80911 720
73132 1225
63136 89
32154 717
54298 600
89443 1506
26949 1319
13121 1845
45855 436
55428 91
41059 1858
57303 1975
6239 610
39351 424
72556 670
94710 1997
72306 1518
15208 607
8551 1499
10154 326
50079 1274
67602 567
38452 1430
31266 414
26551 1166
82530 1227
24336 24
70648 1015
97806 1347
15974 68
13447 1701
3786 1917
67149 276
51398 463
79432 1476
62906 1203
36939 380
35430 1717
66902 1581
68847 517
47166 878
81365 164
56903 821
68725 1229
49676 1864
68793 323
43589 140
82111 401
89467 1452
7401 490
11108 1264
37680 1802
43434 1008
39889 709
58067 552
78737 1569
63469 1383
32299 1937
33516 510
40943 869
73590 1877
4031 1723
73797 1785
53916 138
93023 610
10275 1672
7397 841
26132 1610
37357 962
77646 199
66394 655
85855 1705
10833 644
28073 257
85278 1933
27520 1221
70037 1055
5144 1934
40358 1334
70158 539
21821 367
99526 711
11323 1259
71672 825
73864 1967
18474 1456
82096 623
78680 539
2942 1310
99435 1101
6689 1624
88262 1116
67256 1094
16517 1005
1115 1473
98759 1137
96821 1941
79842 1683
90932 669
12222 132
98467 1189
96984 906
55900 1985
61001 624
22342 1873
61245 1981
85581 1452
4884 1136
52091 1666
89088 1184
17185 650
35118 223
92738 415
74080 83
64166 1604
21087 1959
68179 1058
76788 1297
78366 1974
76196 1861
49654 527
21159 140
2100 953
25712 1010
74604 176
46791 708
23262 1086
12680 72
73847 694
21242 1803
54176 1990
58782 1247
54447 84
90907 435
47645 511
16279 613
56505 912
20615 1057
37935 1268
33290 821
99768 1158
37282 1836
77544 1916
42354 1657
96918 944
26900 1299
37985 1565
11308 996
5240 1366
44113 1625
89719 995
20508 1953
76097 610
56188 874
1153 369
31899 1167
36930 1742
92653 1780
87061 786
85914 1290
94138 1235
27388 1591
77947 1476
12613 1415
1003 1373
14168 1795
32137 442
61785 144
18154 1672
22518 438
40800 1425
43705 1945
86272 726
55488 342
51401 1451
31439 12
5305 1330
55919 326
47867 45
28470 525
8629 1257
66483 947
7551 943
7675 136
69588 839
68289 853
34626 206
52296 1296
56596 1553
12985 1042
87231 765
88324 132
12092 137
35181 551
9068 1821
8137 160
93533 1061
67998 885
27030 1558
50274 1478
24613 587
84364 74
51764 1379
20005 1255
68508 1403
95270 44
913 1715
4459 457
84712 1632
26511 226
34539 1768
21044 1092
40238 143
97087 882
32117 1417
15068 1557
87119 57
98269 1321
76481 373
13310 1028
25979 403
75912 1631
48788 1345
2186 1362
66624 1498
88995 177
65057 888
53286 1549
80904 1251
76971 15
64772 238
1772 193
63588 1913
77581 1789
42592 1161
40922 1323
46141 1586
55887 696
12837 435
44248 1491
98899 1973
51517 1091
6695 1295
38761 187
62032 1397
9393 1808
65544 775
2771 644
37860 1489
39727 1841
62627 1753
49799 918
81638 1713
64291 1172
58794 418
47904 728
38751 229
50738 924
87816 1219
83242 237
93350 388
17640 1421
64875 1273
19636 670
61731 1969
38448 558
76336 625
57870 580
89765 1340
98963 1203
79953 922
38379 699
46826 1268
31854 792
15363 1387
32405 1183
81021 1659
10234 1776
58162 1331
33736 706
79549 312
6703 42
94915 1375
66645 748
17016 150
89267 208
30859 1246
11656 558
35989 194
40053 156
21592 1636
22778 357
27491 290
46821 1771
91466 662
47100 1084
77652 818
54747 893
46218 261
44711 1175
23983 1006
97923 820
20848 839
53454 1014
31672 1427
25587 963
77901 1146
50831 989
30831 1397
84834 1459
25339 1998
66203 1865
34692 874
52335 1147
690 677
15468 1509
72831 1971
95583 200
42567 144
45401 1602
83471 828
7887 864
63179 669
76200 1296
72085 1703
98739 572
51813 130
27019 290
68306 1967
68142 1207
76759 720
500 1088
44661 1404
81947 79
56878 1618
68779 1769
38995 355
37431 1758
45889 1540
65096 206
94999 1819
78971 1037
51173 1551
32209 1310
41425 662
56899 1780
89379 472
10880 1557
27921 1712
15788 232
94435 1812
92179 632
94634 1044
82719 1635
82787 1435
36346 1208
19246 432
1740 736
4037 1743
92071 1601
49632 206
11256 1495
19868 1894
84805 1041
53414 1304
36648 429
65409 935
75672 598
24414 321
55345 1010
96297 1656
86401 290
64178 933
72823 1821
35718 1677
47647 870
68393 1305
12105 456
12675 1331
3353 376
66313 435
59998 536
76740 98
54898 1282
37078 525
91403 316
77277 1670
99000 373
72768 708
50635 1891
57357 1616
68315 1212
16567 1627
76647 90
2549 1937
4089 1406
12793 865
370 1511
14825 479
81646 1130
35812 895
50997 1581
85624 1123
11419 1589
18660 1834
14331 347
68471 1404
89179 1740
38350 309
15577 1097
91919 252
30752 1511
15995 574
89410 1937
45494 929
65405 814
734 1512
37643 50
47895 1305
35476 901
31331 1992
34720 101
94437 338
84253 815
90396 322
17137 875
69501 1047
47001 1380
98080 1262
94683 1542
26125 340
51505 676
8711 1127
42974 1429
6425 1728
95088 1263
17351 588
52270 419
31869 1685
28834 689
68048 1382
21257 512
99078 1123
70943 1765
1426 1671
24256 1417
88067 1748
5931 901
29332 1494
8289 839
54655 981
29993 554
10860 396
11957 1937
69637 1339
12232 304
71484 1584
79707 1109
95296 334
70805 1759
31509 1140
6708 258
48236 787
15919 1770
94429 1697
43255 672
87821 380
82223 661
4302 723
76580 158
53165 1051
63020 1636
44681 602
95350 96
81608 216
45778 1727
70613 867
23119 1120
35032 237
36719 1595
41899 577
12167 1107
79538 1992
76588 1373
22010 1344
21607 1938
73070 703
61574 1258
60104 634
3046 1119
28778 181
46217 1940
62037 15
82864 675
28903 844
47969 377
39759 1831
63166 667
17446 421
54726 795
4585 1929
46388 783
44801 537
94796 847
50923 1037
15422 372
60797 212
64515 1228
96108 1068
93954 1837
82161 1418
68755 1857
35882 999
22262 1465
83047 384
39580 64
13743 325
33544 1544
13543 129
94295 1735
47184 893
64044 789
50926 756
79340 1232
66749 1711
32090 299
2201 137
66563 561
35915 1448
6978 877
47110 186
97201 279
24227 1958
74619 1066
23910 50
45328 1661
93306 1925
12255 613
80932 1859
72435 1878
42209 1985
3733 582
56855 927
11357 1660
15236 1857
81171 1284
45956 1242
35217 1319
68372 1891
19450 218
97681 1176
66136 559
41614 1014
69358 1859
94080 1848
83599 1601
32886 1778
63345 1890
70361 714
78177 292
23451 1321
73067 1035
27510 288
8624 1110
57895 147
12395 1439
34952 536
15224 130
42833 1430
58485 1067
36339 1924
65485 571
25349 444
30708 443
99911 682
77109 1140
36796 1484
96924 312
88279 242
30624 1647
95087 1246
59905 37
88024 811
9626 955
15857 390
41679 1803
41474 100
83437 1634
83799 1671
5666 1648
1953 573
32212 1029
43297 1906
92643 509
80547 1751
99513 538
97774 729
35459 1626
7525 747
58209 613
34473 350
47030 1230
62586 321
49511 43
97276 1779
80219 351
74586 308
532 528
37027 687
57489 763
42718 1812
87166 1869
10092 1883
31328 289
63082 442
44561 39
49509 348
58246 620
17308 645
72296 1044
68311 1155
21438 655
36575 1575
97832 885
51825 1823
85288 1331
89870 309
87581 1132
74643 1095
89706 1852
98784 1798
46817 709
23272 658
46090 482
5615 332
56005 1780
11070 495
92405 955
34250 116
51630 416
28882 101
67605 752
94957 1736
15190 254
14001 981
79377 1878
93416 1543
31112 158
66066 1296
17184 1285
29465 988
40409 1034
88420 15
62598 884
89958 265
51904 1592
59614 992
62469 1312
86378 1543
29655 1500
2387 1453
45391 1558
14460 155
79017 601
76440 1607
33582 1328
81018 271
3341 1692
71173 916
77320 116
57998 290
64840 1774
42737 389
84287 796
45842 919
60918 1067
26181 1193
45213 592
71453 1339
89974 208
92081 1222
88328 9
61830 1152
63830 1972
8915 711
1813 528
9630 1785
47933 593
61816 182
14495 1686
86722 363
63006 1131
44966 743
25223 402
74045 1606
12535 763
3792 426
86160 812
91474 980
52823 1850
29484 1983
3280 514
80306 728
24048 868
40564 1356
76630 708
63777 502
30555 1964
59143 1044
25705 472
53816 113
59168 41
86654 131
33274 823
37086 1025
13711 94
12543 1680
87687 1557
21543 1475
34027 895
44306 1149
37642 276
13744 497
22688 894
14064 778
9184 621
48191 669
54228 665
87751 1142
17737 915
29450 939
67972 442
4290 53
44059 1853
6825 318
9480 1972
88737 1989
66880 960
60639 1825
8199 430
98465 793
45264 1308
5274 985
91602 1279
48309 41
19494 671
40508 743
82949 433
75161 1599
18765 1961
41464 18
51599 848
92289 109
1148 1582
11622 1081
93651 1078
24169 1531
63586 1348
47134 314
21273 1912
38865 784
91752 432
95753 740
50074 1915
93387 684
74144 393
78142 380
63107 729
14871 1244
89435 1594
5765 584
33533 169
65732 1959
64304 118
4455 670
46517 210
78715 1536
11546 1519
72253 961
58164 938
18634 1002
38678 1531
85674 696
95888 1096
85980 1759
60237 1016
70006 350
40667 1032
47769 269
7229 966
5797 992
15221 1208
19039 912
56742 1042
2944 1571
80726 569
23078 1955
33089 1856
74475 1031
43751 1120
26078 1485
22198 437
73223 213
89628 105
65456 223
27780 279
28384 45
96722 236
29351 1577
35491 387
31505 453
49114 1293
61404 1426
38600 1261
70178 372
8582 381
37959 1398
69520 967
1067 1470
35552 975
69517 384
30336 577
89407 849
5216 1777
84856 1886
31356 1964
88679 1751
84051 1115
20535 1094
44411 1387
39670 749
99111 659
10763 1430
18085 1319
29839 1544
99950 844
1472 314
56717 1145
40776 676
49308 161
64730 209
97812 1570
59738 254
76726 1569
74785 467
96952 625
3139 1741
5287 1140
23430 1125
74081 1941
38170 713
10862 139
35121 1877
23807 55
51302 724
55753 1079
93374 589
98523 1544
22904 476
60385 1903
71311 1178
94983 312
33158 777
14595 438
65466 1336
50849 670
1541 122
91680 1838
24555 1991
11899 892
90880 1269
46252 1061
261 1637
33112 526
11902 1998
455 1156
92278 1948
8574 1480
26803 336
86736 1826
53483 641
81179 582
69403 327
65988 567
76004 1213
65851 855
13666 1604
58566 570
1053 621
28299 1017
80766 166
75924 1273
98588 708
19561 1449
88577 1746
70521 620
78166 1898
99601 1805
86769 1286
22009 111
60840 306
42495 1749
69074 1525
88315 1740
43403 224
45134 889
90059 1245
25192 3
10267 1022
30355 1841
88280 424
78766 1121
49603 1615
66255 380
60019 234
90314 408
76008 722
64235 1102
43813 1081
62940 1138
54272 1421
89521 1284
9320 1127
57085 888
16686 1592
7991 669
54759 1276
22591 1312
23513 1786
34972 233
39229 1616
19123 968
87121 220
30289 288
9088 1335
26285 1061
99693 1785
72065 1890
71612 110
15062 857
81022 117
71567 1696
66980 1763
74544 413
54440 1200
42465 860
90522 1268
99141 1202
10630 374
99919 1598
94185 1897
86859 1265
69455 978
32682 710
84681 524
48725 936
86206 1564
35709 29
37037 857
81241 1097
90539 1896
19460 1659
42223 434
5516 1390
9027 819
50943 1932
32288 463
70795 306
22420 1251
88986 628
85977 1654
91587 504
95439 1017
94200 939
57288 674
76192 560
86811 1735
72629 1641
93828 535
50803 1519
93773 1989
34656 379
62776 1676
57762 881
66911 320
30479 445
74560 458
71198 1228
26683 544
82573 880
41997 150
93840 805
34669 1623
28948 522
31001 257
21142 1696
68733 1009
84078 1839
62715 996
89262 570
81695 846
13594 1643
21927 1195
28638 72
13233 80
31810 1331
13571 1873
49353 541
75159 346
40136 190
41510 443
27092 1860
16618 489
83084 1108
41975 210
43625 1088
52765 1725
48374 1613
88155 1962
70823 1271
24705 436
94082 413
36736 1527
74794 126
39985 1329
65325 954
84646 244
87890 389
9161 1593
13232 317
60532 475
72394 532
46516 1214
8736 272
86203 1826
61933 691
50689 1257
54777 1822
11363 1881
73907 1761
88281 134
35067 936
74664 1025
22689 1698
51268 68
18111 1869
61057 875
25741 1954
6743 1403
86366 1986
81048 405
99390 265
15766 1798
78161 1683
51787 686
16955 115
87650 1312
68434 502
40919 1742
96472 1350
17150 1804
46735 1749
34212 101
53888 150
91367 1916
43155 143
59986 1959
49175 604
43168 206
31877 468
81713 1379
54461 1581
75911 226
28594 1549
7880 137
85056 1796
33673 651
22409 1194
91709 664
13546 784
51409 999
87553 1589
13885 998
29530 1358
119 13
2836 844
91684 1297
83512 960
97071 1955
19266 785
58449 589
33730 1359
22062 1146
11480 335
14284 1943
38626 974
23797 685
70430 25
76516 784
50158 115
64083 1884
22166 1790
96341 1080
96871 122
41300 384
53268 1270
73734 368
76990 941
92803 404
86162 44
43405 1151
52246 519
43277 1740
41247 1708
81027 288
83874 1241
51241 1201
41113 965
16429 592
46102 1276
17024 1847
13499 162
28502 405
63614 1264
15111 1230
99114 1909
25000 224
45396 306
5172 1577
5763 1400
23598 931
87864 968
37866 402
31088 1177
19854 1794
53322 1092
21243 789
29235 213
16706 220
88248 1522
12384 365
7089 1119
30930 286
60207 500
74203 1731
11185 31
71460 144
68026 975
43282 1356
41917 1635
40096 1389
2668 20
67753 1248
91201 128
94623 772
69258 594
928 1539
77174 72
66166 591
33953 534
75435 104
88993 838
53581 212
30345 933
39340 1640
6865 540
85984 654
96561 296
66324 1064
91940 1906
21907 1359
6831 860
41948 1588
38820 870
36962 1969
27040 286
81932 173
68997 1018
67215 1723
52706 86
60273 228
95262 1552
9659 1309
40855 1316
90408 1380
87788 1490
20485 977
2730 198
4283 497
50449 279
32734 350
61204 1700
35298 45
20810 875
26030 704
51324 1
62905 1437
91675 33
24677 525
9210 643
41925 1293
4307 843
69409 1509
55402 394
74511 615
76970 1373
63775 981
66433 1307
5334 686
84934 520
40213 1552
90960 1764
42263 1328
80361 935
75856 420
819 441
86901 1646
80329 404
61432 1383
65769 279
43200 931
28794 1743
9237 868
46444 1485
1836 1811
6616 1571
72310 1217
11712 59
1313 673
24894 171
52808 1915
63137 425
51867 28
54110 1905
95563 61
90484 1003
50999 1279
67085 1384
79428 568
7357 1356
3316 1968
50855 1562
95867 1314
97455 723
17873 14
91200 1925
88691 374
3395 412
99040 742
62481 1149
85912 1225
85372 1039
51623 385
5911 887
70109 1900
55970 59
10274 590
78627 1167
53154 1371
33374 1317
18367 18
60202 1573
73610 975
70207 351
49477 415
55066 42
81557 1728
49527 23
79846 1814
56020 1791
25385 377
6793 615
43125 685
32227 1020
19465 1504
22466 373
32633 1315
11777 1860
13728 83
59425 148
665 1878
60471 663
23390 749
43671 1821
47596 759
26473 1073
86080 1127
29164 616
5725 1618
55693 1044
71281 1227
8866 1088
13573 477
29376 1148
86540 312
73919 388
64879 1942
30241 851
94611 1407
86965 625
27615 110
52686 591
20622 1408
79530 637
29932 592
93861 548
24408 871
44309 1999
1944 104
10010 302
80759 812
26135 1957
86906 1243
50552 1406
91549 1229
25627 435
75662 1958
78850 211
36669 1197
60070 958
14176 1579
34014 322
27022 1425
12275 1590
38828 1516
77275 1576
93726 1897
64603 44
72734 1617
17775 1587
30662 1013
36618 867
15704 112
59653 1545
73880 1349
48662 1152
82987 1943
88492 1837
87063 697
27669 611
43559 890
657 524
34169 906
44149 254
97393 1503
18869 22
93395 1999
51009 1307
16078 780
38289 1394
89849 452
93583 436
84373 151
34566 616
80695 338
9461 91
96771 536
50253 1120
56901 1648
66031 1939
79442 197
8254 537
17479 131
89827 1434
75468 17
83651 1837
53124 486
66521 69
96884 1395
98469 761
71591 1980
89159 758
74650 1241
47493 1452
20592 454
56948 1360
86305 465
19840 1470
78624 857
4581 1534
75916 1181
25689 1644
99394 940
96258 809
21852 1624
42719 1562
53350 1294
44644 918
14811 1495
19216 742
35373 828
71222 771
57134 57
85529 1556
77240 66
49762 755
19356 1269
64802 1121
93022 1128
94512 681
95018 1
9410 241
93361 1700
68050 1515
68693 460
39077 811
64048 162
75399 1839
78647 332
10803 306
89563 1115
95385 1078
17907 1281
59232 957
9331 1488
55946 327
99738 1270
79847 399
41046 1445
72944 1742
56203 1205
59521 1601
17688 143
19508 182
88006 1908
69299 4
73557 1115
88495 879
56706 1763
51345 377
53886 1386
85697 1419
35489 424
74467 1106
82651 1747
51037 1255
78548 577
8584 1167
24268 1755
63763 1773
65108 1300
3150 344
5868 1219
82930 1330
89117 1045
68685 1343
9216 690
81873 1577
27932 232
62280 398
48188 60
99716 230
86321 569
52449 818
51617 1702
79553 424
76323 1581
68783 1131
6122 419
89440 751
745 1797
95175 1818
35231 1922
16674 1232
80118 165
94715 1817
72480 588
97905 1778
58863 369
12074 1513
51059 217
36638 906
7105 1418
802 1443
15212 770
57289 1572
70572 1013
16290 148
97463 342
6846 1226
82065 1916
42426 247
76833 1250
9806 1750
86324 803
74590 793
98283 481
62480 1384
51098 1130
83924 1927
33046 311
16853 429
20044 1328
28380 1403
55352 1137
90103 604
79909 1943
10818 1389
21357 14
99317 1343
7103 1782
40626 499
61283 234
58698 264
57107 443
73316 1091
30333 1382
94349 1049
20903 1981
57766 1549
83876 385
97527 1064
18525 82
56261 1186
71717 366
33853 367
26915 505
3779 652
65046 997
46593 1424
22940 389
32229 1627
65465 634
88402 322
57419 1124
57476 1180
45530 645
45954 1758
74433 1085
28932 553
40760 1722
89876 1132
72409 84
92330 1467
62374 999
54849 1869
21606 658
19896 1396
96439 672
80150 313
39000 1366
60336 205
90920 769
66263 1096
15138 1955
65799 86
6399 1713
87528 389
82068 320
28689 772
14200 703
82881 731
75085 1876
8988 312
58471 1578
50069 1337
45020 1395
42398 1794
24180 1983
42500 1384
37737 522
52450 1817
17445 1008
74040 357
93876 1035
87162 1137
30108 1067
24120 1921
42140 462
87415 1266
44049 90
24303 1368
36152 1398
98176 192
43614 529
26410 319
5912 1061
89647 1924
37768 1189
88064 668
84374 1085
35162 1859
16310 13
4761 433
739 1377
6476 1159
15279 504
66011 1006
99458 611
85358 1889
87252 946
96123 971
76567 1187
73866 1118
70661 1413
26307 1228
56615 1269
81553 1347
78467 1254
97277 1309
37384 1489
76375 1956
26130 1533
75691 23
13381 1803
26159 116
67560 1703
48143 1067
65737 1230
3507 461
66658 1874
49435 1804
75416 785
37438 1327
65993 1772
33485 447
69775 769
84559 1996
22023 1605
21218 398
79063 1304
86231 652
26889 1360
47354 582
76347 1525
12449 1491
32874 826
80643 104
63300 1202
94121 1456
69190 1371
3253 196
62348 1123
26910 1535
91803 443
5116 13
63170 1453
38296 1180
62806 1375
35895 1022
6869 1798
91564 1828
69332 1518
62948 498
50640 526
23472 100
60669 1493
79172 585
91428 441
27170 355
20298 1619
18135 1553
97283 1431
13130 1930
55063 686
61106 1456
24127 793
16471 302
38957 1382
20655 368
36064 1789
79152 416
3516 89
44154 679
56865 333
75841 704
70204 1365
90262 1559
14743 1880
90618 135
52309 1588
26269 42
22484 402
33404 1234
94819 1391
49412 1721
61637 1859
59968 1974
3902 1993
81941 1361
72705 1456
61314 1
588 69
69404 1305
95464 1021
41612 1944
77405 1321
93562 106
78469 872
36667 1407
48138 548
83411 1506
49866 1177
81491 1637
43806 1589
52132 830
87239 1284
19583 481
92609 380
33585 1105
93138 1420
75363 395
38815 1850
89682 1309
35271 129
22241 1727
48988 754
94844 1939
51482 537
33269 1673
38231 1189
26688 1841
31922 83
91776 787
65831 1347
85178 1683
49550 258
17289 165
98398 528
11051 649
18624 794
24247 1178
91335 1042
27292 1373
48545 1639
80893 675
12026 1542
89203 660
27017 104
27756 296
81529 1416
38223 985
39905 84
99604 1162
72939 1986
56420 1845
65195 1804
53798 1205
17518 1159
8605 302
16478 867
93185 541
23809 1583
25790 1345
75550 1086
49304 1672
76233 117
89318 572
27220 1652
26702 1730
24683 1553
95590 1746
4214 1008
93057 477
56000 1382
52333 1268
28046 399
66420 1864
53044 931
37722 1531
660 205
74799 1318
11540 69
4023 309
96746 924
64868 559
54994 829
80303 683
79667 9
75867 915
84111 108
74219 1684
57651 1682
76835 1864
48861 1470
4710 358
83133 834
59910 1590
86245 760
32936 408
54397 1386
88508 909
73586 639
15784 1553
87909 1685
4374 934
85830 1463
74531 359
49227 164
74401 1032
41457 877
27946 1785
43639 1354
65086 512
24841 333
23024 1929
78523 358
22404 1758
85758 355
11082 1082
63427 1311
52826 612
96225 825
55731 393
75457 1478
98549 1366
92006 1668
55848 331
13996 1583
42808 813
43604 289
88664 8
51333 877
13637 1101
17088 1644
96784 1065
81113 1012
46159 527
83018 316
62431 1345
91950 866
28415 1397
39218 1213
82896 1252
12577 1739
84220 504
83115 1687
87059 1433
75115 1067
33754 1957
65385 133
1152 1475
48697 252
10345 10
74824 1258
78665 772
82529 512
49816 1234
63029 1575
33350 9
16972 1155
53161 1037
20835 697
56863 436
65903 885
68984 847
67719 1756
76625 1914
76662 634
66265 1663
17913 819
72824 144
99042 1673
7906 1403
36284 838
42503 585
68877 666
34271 961
98376 699
26092 1848
54318 1604
18184 507
23083 547
88610 1773
93606 1266
50257 1022
69136 1123
75939 790
52224 1387
38925 992
8583 992
62619 739
10121 1410
64611 1317
10559 1390
83476 475
52742 1685
51627 1849
58046 909
13368 1639
5842 1506
45220 169
61311 758
13635 128
54872 130
41286 1441
75040 1921
33779 285
81077 130
78768 1503
71497 630
25311 722
40537 690
48033 1435
18598 1006
95607 1852
74573 1101
54219 1246
40265 204
85021 348
65043 1150
54380 430
14644 829
12968 1703
65604 75
11824 879
43735 385
91780 1652
36902 1545
60692 1469
77526 1484
10528 551
27382 1396
79230 1854
34275 1498
42648 1288
51601 1301
48281 401
65389 255
14708 1922
31347 1806
33075 1930
48265 554
44395 919
76780 1025
22411 971
41960 473
35018 1853
2077 1796
63281 1981
75745 266
73246 111
71863 1424
60974 679
52096 1005
97632 1369
75109 437
56688 507
45321 1993
3717 1639
64167 1070
44762 220
87664 579
31251 437
41343 1787
52058 467
10913 983
7023 1999
18886 889
52725 263
17336 1619
95493 866
84073 1717
32260 212
26420 1649
38606 1061
37108 1593
15229 1278
53338 121
20367 1690
23432 1858
86392 513
38203 349
46050 542
69092 1912
56098 302
80933 1695
37522 852
5675 1708
94592 999
72224 627
27986 1807
71474 1796
14600 1456
78074 1706
82016 1159
60522 373
54664 1920
5264 1955
5312 318
60911 1107
60083 1187
85586 794
6372 1408
80434 1768
9310 870
96982 733
44128 1496
15142 1672
2011 456
74322 4
78957 969
58680 1442
37488 285
14332 1085
76563 1697
45404 350
29654 425
31149 535
33093 166
53629 697
9075 1358
827 609
72994 792
60215 93
81750 269
16769 588
27871 1822
26111 1279
53950 731
82079 1722
13909 1143
91591 400
22725 1854
36744 659
73086 1015
13308 1483
75642 1587
1866 422
22531 415
6108 1723
16150 940
95529 1226
41255 1090
83788 1276
81702 1057
6351 354
78557 522
17981 694
97205 418
88297 599
16573 280
6006 968
21741 8
47078 1707
12846 1398
70056 1035
3524 1343
65293 120
95278 1731
76527 12
21937 1609
73398 348
68386 846
51010 1295
50799 1128
34694 926
51069 555
65759 534
52477 12
14741 482
88967 1594
88223 1609
54756 1067
60 719
40319 983
32694 1970
11109 799
15753 430
41481 1961
98790 1624
59081 1841
89456 1823
54635 1793
96694 26
46399 195
53238 699
48807 1098
31409 1869
14847 1958
8820 952
22953 710
97232 370
93597 1934
17846 1388
57507 992
34305 1262
24636 1558
27287 156
99891 1433
75069 1704
20711 1816
64177 110
82789 1416
50436 382
60105 1472
71422 1362
11495 1647
52289 319
27609 28
22509 118
72347 1614
98670 455
72348 1508
17648 625
27058 1022
87193 133
7376 1698
13534 210
80009 494
64708 1417
61881 633
80162 1684
98847 1616
54684 374
91936 1463
47953 112
14170 1500
91419 1855
51857 1037
31214 932
34231 516
65 249
26416 1693
46208 683
31682 1657
48618 1245
26096 398
10769 1534
44553 424
20438 1017
68915 1794
56185 130
1692 662
79269 672
44273 576
94040 275
30599 262
40229 394
91053 1218
36276 97
50408 14
17914 1741
19770 655
14355 823
20012 787
98281 1438
76348 585
76324 1501
55930 1524
72758 1183
15464 1895
6268 1888
31490 1968
95404 1618
94477 1369
81707 69
64664 1954
20728 1441
17575 270
85900 541
52552 1866
15074 340
55038 170
13006 1453
63601 240
80333 1626
62903 1447
59233 795
63014 1901
61290 1459
1850 1692
42070 1747
9639 477
82521 1437
90201 815
56781 1639
56718 1348
11133 961
5455 953
83065 1170
66418 1004
97580 794
65634 226
95597 202
13912 1834
22632 929
53308 90
44861 1395
71380 519
4438 1468
30388 1986
3731 228
83296 259
10615 1263
57197 818
89897 70
26592 92
85210 713
16347 909
86499 1011
71220 1271
80064 1039
33824 991
25740 767
6156 1589
17438 520
5259 640
90181 1407
87548 1629
62581 1844
38282 775
13414 1824
26143 528
90489 678
26869 1341
95355 1279
45468 1156
3732 617
8754 843
18121 767
46753 1278
19086 1800
86175 1954
99081 1101
12035 77
26678 1858
14122 832
70031 48
53190 677
45270 1336
75477 565
67752 989
16649 303
774 171
94037 1884
97851 580
87392 1216
92706 409
61427 354
36728 1314
43334 1778
59248 1676
51014 1810
85527 1739
51921 1510
50970 59
20637 1838
93186 1888
20149 1688
48404 1105
71525 1107
98018 1013
15667 1790
24601 1044
12012 600
53812 1876
7793 300
88836 995
46838 1069
32892 687
81026 1459
97673 1143
96407 279
68080 495
44042 564
16276 621
9677 269
51768 1602
48054 576
15620 92
28590 912
37012 697
92938 785
4073 102
2012 1002
71671 408
43781 1670
41015 187
44107 37
74876 641
84510 1050
31432 1785
11646 1562
3123 282
46570 1282
99133 1516
63044 1118
58356 1469
80278 811
9782 954
62029 106
68726 1229
43350 787
5414 1710
5555 1601
65297 926
17754 122
82150 1447
54296 1656
38640 54
35408 1446
6792 1799
85164 49
56229 1725
17798 395
47672 270
18419 242
18685 897
51240 1499
51184 645
78958 92
31136 411
12641 1775
40428 1851
94159 1271
99456 2
24138 564
66393 1615
15765 769
18091 520
13785 896
62731 1911
2660 1857
49220 532
39601 679
60894 491
75888 1627
3237 351
21914 857
15959 456
6463 540
86801 996
74862 178
14543 391
13652 684
18803 1715
81837 380
51369 1534
57328 212
33029 28
86450 265
37021 1688
72280 383
84639 1910
9649 227
1368 719
29493 763
76013 1201
49940 172
76448 1422
74256 1981
26109 302
48111 332
34791 30
92537 212
36265 488
24130 1694
28107 501
99645 1456
76911 1174
39063 1020
23143 1775
17534 1346
3423 1097
11458 217
89885 378
57236 176
53346 1763
53101 1975
17714 1163
7188 620
93035 1483
40528 1525
92315 1116
84568 1379
59003 610
53387 145
14711 779
51008 1027
25797 1053
85941 278
26036 340
53773 1493
39330 477
1183 182
64704 1649
30010 199
39428 1668
45602 225
20348 1120
10080 1811
66403 749
3867 1756
62919 617
38160 1893
72297 1929
57696 1091
74993 796
95613 1582
56057 1545
79631 138
38587 408
91814 1871
55197 426
86150 1975
91498 1735
71916 759
63390 1104
68503 571
15163 1637
95911 301
64528 1519
73718 1637
13668 1052
9600 1838
97409 96
65179 1294
86201 1490
52083 897
66080 1250
52828 555
66718 1841
32294 727
52438 1399
55445 857
5451 1727
18119 1387
37125 1627
32428 609
64604 214
39139 1134
29640 1306
21389 1380
93338 1246
75524 1372
3707 1192
97653 1792
14098 1339
23773 536
27176 227
51306 679
54034 494
23844 199
58491 1224
80107 565
15076 77
37323 176
77887 215
9274 132
18432 70
9217 1345
92064 1083
72529 345
20781 671
55774 560
66811 1933
96556 1592
60318 496
63244 83
84021 984
52113 890
63638 1548
42181 1813
15655 1777
95998 638
64795 1183
96955 649
5347 379
99008 1215
64349 739
72429 1043
87115 118
48617 1887
73000 874
75583 782
24682 1621
37315 1173
2335 1441
5489 199
28090 1424
45728 1245
52581 514
31223 509
21888 502
58096 1684
96521 544
68985 166
78278 1464
37356 1901
16776 773
6111 1731
16041 1355
3907 1871
12790 1512
37210 1378
18831 560
62651 1911
45233 1226
43622 524
52993 439
92588 1123
30298 1505
88780 1583
63995 135
53409 825
42035 507
35806 720
55554 688
93183 678
89417 1112
87496 1214
52482 1591
29058 984
98086 1633
12436 332
68774 1175
107 941
27784 1993
34850 213
82588 1207
15872 618
37147 437
14508 259
59729 44
29479 1292
34491 416
28125 918
91812 759
14504 1911
53422 1314
17496 437
96567 1264
75029 1880
13705 248
15370 1008
1845 276
60679 494
11330 10
51238 1161
27863 244
37626 880
4760 1302
40799 13
98331 1779
24681 202
98074 1055
93935 25
18868 1532
33938 653
52794 854
5634 1935
24292 1416
11104 1612
89857 1542
82532 1047
34631 1355
28336 598
31745 943
95514 1173
10478 1184
39345 112
82546 1577
27390 625
8826 1046
19610 80
39528 1955
22754 1110
21669 1892
56092 839
43746 1752
48285 1129
62141 1963
41729 321
17259 1783
51703 589
85424 838
9211 211
52243 659
66382 179
32298 452
10959 1041
45945 736
67748 1017
97438 485
24760 1769
64727 325
29995 167
31611 629
78279 123
22451 564
53828 293
19903 970
98872 698
53730 962
31684 1291
46970 1770
92210 827
26708 1622
62058 1770
82669 37
9723 1248
64100 1716
82672 1235
85208 278
61711 886
12714 504
67282 1870
94166 899
93896 1842
9192 1434
58982 1797
99920 1572
13336 1568
17431 1193
22022 1872
26213 1076
26809 132
25892 1708
4285 1889
24981 608
62870 1000
13716 1928
9036 1877
41004 1357
31181 1737
21567 801
68588 1347
56956 191
31633 404
64531 1143
70763 664
73350 306
35852 1253
54931 1621
65106 661
13350 1632
1654 656
97048 1074
14436 802
571 1952
85565 1428
83492 1580
9687 870
52402 927
81949 845
95154 1329
26362 444
83758 1319
63761 348
63658 1275
7500 1717
87332 800
67573 840
5178 1018
33450 1491
36504 592
43103 1941
22105 1884
58832 542
32638 1418
13908 1226
96611 882
37261 1172
32673 445
892 700
37393 1559
40082 1072
41314 217
54704 1941
69961 1588
87993 215
66607 401
38586 105
54019 1259
45324 1894
42978 1276
34480 1707
147 972
17380 1860
6089 795
40199 1606
69799 1256
66885 1312
63545 1409
70510 1479
43703 62
4382 874
42659 1682
56594 1472
61409 1046
8133 1709
4520 43
1190 1374
76511 1393
81639 1171
45647 323
17522 1157
47248 1984
51698 209
42624 1163
22353 1564
18548 231
8883 1801
46013 1200
3446 1974
27065 1616
24746 113
78570 1705
38741 404
78880 1562
50845 1834
13959 610
22381 1950
91920 1783
42743 1505
62939 804
49268 1228
21690 936
82616 1074
5395 585
26412 1387
18604 939
46713 420
90131 448
97368 1692
69524 967
73189 1531
51000 1580
29668 1554
65894 706
88958 1634
18968 1118
12046 884
84650 333
48947 1615
63779 569
83454 405
24869 1646
12997 1610
4348 1616
62639 843
18200 236
44593 1212
62270 1334
18896 1483
18951 1301
99676 1029
45336 249
94673 566
76640 905
34732 971
58226 1905
42029 1618
25373 1656
25799 43
42251 603
35928 1891
91247 478
91295 330
51253 314
85046 1635
92699 1305
72317 1677
15270 164
13174 1929
554 1828
13077 197
52669 1180
73329 564
41675 1212
85938 1404
46705 975
98785 317
90030 759
97539 1915
47551 416
16631 1200
65457 1058
84575 1103
52414 422
86456 730
35134 877
65308 1460
35455 1855
42461 1422
55114 758
18633 1109
49908 1492
42801 1923
67996 1446
68304 1861
98225 1290
54852 945
77514 1591
25938 709
16798 954
79766 730
26771 503
14972 237
11932 295
80295 444
38106 1474
52748 869
79712 1421
75309 774
66307 1544
25609 1944
58419 274
14477 886
40856 1447
83511 1419
27734 1880
16327 1760
57850 1633
93698 41
46761 1521
19475 1269
81225 1727
49284 212
74852 450
22189 723
43928 749
86388 395
44138 101
57360 762
47008 277
12219 946
33739 1222
85481 692
71086 664
42471 1434
84075 1176
89089 1253
30793 1824
68574 928
30450 736
39350 804
36783 646
29271 1914
25446 1062
74948 1869
81049 637
82304 191
57504 563
46256 1257
26244 1068
92338 1119
17196 1387
62494 234
44666 1404
28065 1277
56418 579
79874 1329
20623 1103
60082 290
87066 20
83944 476
41630 158
73385 1799
32079 1205
49140 1864
9507 1991
49559 1152
56888 1450
89570 918
35755 1680
86953 124
13108 449
30358 1508
64343 462
42129 1996
7621 1630
32417 956
99403 1305
12712 1800
92427 201
90876 1215
70666 213
5066 1289
96093 725
93287 1557
3393 243
93998 1350
11242 1331
54350 292
60588 13
97926 1303
66459 69
7324 733
16286 1346
22320 1226
11368 1373
31499 1532
55560 1935
80307 640
41876 1946
7018 751
9780 1579
10911 78
34152 443
60704 190
96227 940
77097 607
58990 676
46988 1245
25615 531
5645 1353
59273 1951
79325 1665
29096 1478
90060 556
55629 842
6677 363
38510 1742
90749 1650
75063 733
24415 657
73052 1434
68404 565
82675 1720
53094 482
25722 303
24988 1905
35939 978
78323 230
3600 1408
45936 1345
58908 58
92647 92
32185 1372
40169 739
63360 1736
1456 224
1567 554
42335 490
69241 145
52107 1615
51273 804
87433 1733
81114 631
14523 955
60164 1438
82673 1414
10603 135
58609 295
63160 1018
55043 672
47623 1948
38052 426
98788 617
96956 1553
61356 994
57055 1971
47302 1958
25115 527
48496 270
57521 1116
11931 1917
5951 853
9136 443
31352 1473
2209 68
97972 556
25602 1991
94661 939
1268 1876
89296 1032
40298 1465
29733 194
8423 1519
62740 332
33960 1430
29076 36
94331 173
6012 918
78076 126
89509 1286
7339 1135
41260 68
20768 976
56273 1304
99158 853
16831 358
17781 1473
89188 1523
18140 1040
77896 1391
9401 248
81917 1302
86827 1329
65983 1968
96765 1844
39967 207
24452 155
58773 1635
73403 1382
25843 996
79113 986
8752 899
59898 991
97697 337
78165 883
20856 933
2779 1713
79146 502
36507 45
1262 1517
94332 456
87623 508
54833 1165
92326 450
36685 195
2675 624
99686 450
35526 1368
93461 605
89095 191
77963 1430
61014 1490
30515 1771
94103 1160
43342 1568
99590 1165
25334 1321
55931 1316
51745 80
69963 1428
54546 1963
78763 1428
72663 376
97641 837
45156 1524
76330 611
855 45
72052 1796
70847 1297
26737 1344
85166 1491
93201 191
10215 1855
75994 1566
1419 1834
5563 809
20319 1150
97007 590
15910 1411
39602 1121
72389 1088
24922 623
84426 1462
12591 803
21546 883
16520 1857
26762 796
93013 1218
27318 460
35270 42
5265 1581
55672 845
91096 1428
7427 237
36483 1915
72655 1098
47612 742
12485 1484
76458 729
64407 1690
48606 790
73461 1987
29951 1163
78952 1177
92029 93
4193 1497
46892 1078
85558 46
79388 547
37703 438
19116 377
73438 535
65970 344
69017 1774
16917 560
23313 1613
69368 1093
87910 1187
44767 1456
12324 1268
38615 81
50344 1260
9628 1547
67506 937
28079 836
86196 1320
1243 70
37454 1107
29851 1662
3332 804
50710 1665
1907 1798
59671 157
64193 1335
33625 1964
74734 1135
52705 1941
40369 274
90670 1393
22768 1473
59556 1591
95325 286
91840 153
33337 1868
33316 1583
39564 878
17501 424
46327 1141
80657 1009
86850 1594
7726 153
30628 921
37735 112
5203 1099
50727 1117
69759 1153
20718 1748
90323 912
45367 482
60011 1553
42031 60
34797 726
82002 1658
46731 1919
29670 1494
89034 124
46049 1720
86531 747
83661 1342
1583 1265
21582 1873
36065 902
26451 1063
91209 400
58337 457
82894 444
82775 1882
26532 1571
72405 256
4079 275
99633 31
9490 382
63275 1341
58687 1973
25331 529
32127 780
57520 474
75688 499
71992 1479
68257 984
99824 852
47167 1475
9327 1946
15882 1784
78294 551
38804 1816
39569 146
42794 1496
1032 615
29641 1061
32529 1747
27274 1485
95698 387
74710 74
55312 1735
55383 395
91705 1330
26373 1692
61902 961
15237 1744
45027 707
81164 1393
87807 722
35089 344
8490 2
46128 420
78062 1761
91190 1195
73791 637
462 1055
22378 1313
22595 1603
96880 83
6892 1122
46377 794
83374 1253
1649 971
49131 119
31220 492
54371 1300
75006 575
60728 128
47576 1324
53105 1560
44423 944
38906 100
77656 341
94559 1966
90227 1687
78112 1045
20008 112
18133 1268
93176 1894
88601 1042
76268 889
65973 208
43095 1217
40909 983
77778 511
2000 1154
15387 1289
99425 1008
37641 1468
48811 564
46883 914
78574 1304
88810 1732
51659 105
32737 1630
55397 1488
50306 126
68460 651
32985 144
10827 1789
81559 186
31121 1126
18927 403
18125 408
37528 1422
2240 913
66949 1218
49236 1697
91555 456
43115 1222
37150 1960
18799 461
70171 588
10468 257
14188 1186
58365 446
274 1520
86480 1794
98728 1002
33173 413
62254 592
8623 470
87396 1622
30182 1030
59289 898
53956 998
92497 1714
67230 1236
34555 173
87723 128
24863 1986
37244 733
84419 1258
94919 602
73042 1226
69534 368
66292 227
39211 606
52773 677
4928 1442
54240 121
74498 1381
11324 1248
740 1474
97476 984
24725 294
57734 217
94578 89
96883 1492
30121 160
84428 70
9584 635
16789 1848
86491 1807
89325 241
8197 910
78802 711
10197 1650
71723 1039
14407 90
94446 388
36591 287
22583 1940
51613 45
29321 480
35405 1317
7941 1037
16420 1501
20459 1471
72039 1715
63080 1290
88310 1740
33354 676
95803 25
36226 451
65736 193
34474 77
21759 939
78913 881
76353 1579
21765 1848
55888 1777
17473 741
37501 699
57036 758
91711 1208
73946 1283
69108 1555
4624 1514
50816 1190
24072 1041
89862 1857
25616 455
4766 138
71726 1014
55656 1793
2121 131
99443 824
43951 617
53343 44
92398 176
23400 328
72186 1555
35978 112
63640 700
68428 1556
35565 828
61965 1195
46559 1322
67603 1858
42570 452
62242 1366
39764 746
85982 165
12923 720
89184 200
6554 330
30368 211
7498 1512
35409 307
39182 1492
87806 1420
49732 1291
42967 749
3781 37
344 799
34210 1974
22089 1343
69260 1187
75494 1996
67439 1506
44001 1376
83477 1995
56595 312
60634 1815
33100 1515
24665 1179
82212 50
45207 1111
83052 935
21149 1546
29397 1268
42074 1866
38303 1924
15813 712
17118 1950
34057 1003
82396 170
94214 1562
12616 1788
92663 1107
34121 1406
72425 1284
74902 1631
94786 525
29413 846
63272 1727
1468 1161
12666 847
44673 1582
60644 1009
78394 12
68890 1348
55768 1813
47312 1388
31484 1677
40863 787
13337 267
97946 712
77364 1607
15496 1563
70110 948
64086 1683
75443 264
84729 1312
46356 1077
36090 381
9669 1507
80093 1177
65237 1652
88569 84
61256 1755
61698 1846
26686 284
89239 646
22813 628
75328 400
85556 918
55564 880
70593 1339
46568 943
20641 646
12114 1255
63438 633
61823 482
48778 1149
31433 445
26365 447
22443 166
2170 1243
70683 577
54874 1388
54054 1453
20076 1682
39970 1237
87405 1537
7113 1236
80520 598
35411 887
93540 1129
11528 1904
25571 1683
13907 401
40448 519
58554 1376
30777 765
20994 1702
84774 1710
94519 196
23950 1053
37989 537
79014 1967
88386 1545
48240 1873
96050 395
67569 655
94355 5
86239 731
66251 1861
31014 1368
80944 1640
37648 541
25852 942
75954 491
80831 171
80033 11
76092 487
58774 1278
37192 282
78258 410
39282 1613
18157 776
78923 131
70806 1075
45895 947
30005 785
40141 1445
83281 1879
50532 514
16111 857
63937 1354
66486 1273
41591 1711
40320 1171
72971 457
88976 1999
69302 572
4481 11
81363 440
22792 571
30151 544
37903 1861
13789 1785
99337 1958
81322 1956
44839 408
84059 1184
1002 1654
63899 579
69211 135
85287 1363
56108 1318
3741 2000
46921 221
55433 968
73004 1165
38861 1266
50349 1373
36742 1325
4486 1039
58888 1372
23146 1889
61531 731
13740 1265
13764 1578
21642 316
46352 167
37575 450
36763 1
52431 281
8858 178
38248 1703
68696 55
20922 184
22284 139
76312 1110
94272 1375
40196 1010
71888 1809
82748 1473
94338 329
39654 1452
68083 554
97470 853
78678 567
30316 1258
89269 1188
9166 600
71903 1791
18025 1336
50287 363
71148 855
75834 727
71703 1768
64329 22
99102 201
95743 1885
93365 1362
72925 30
98987 277
53146 1043
9278 171
36228 624
75761 49
75052 1931
72873 130
3379 399
7335 1922
68979 1560
86664 31
56063 1866
2911 1702
29412 1497
58756 157
40464 890
81977 855
93376 17
93714 526
73059 15
13830 1880
38182 458
48418 1789
30391 366
91751 280
47736 368
60307 903
16248 55
66344 1986
81293 1292
11913 1984
82087 180
2167 1395
38265 848
38685 319
31374 569
62567 1084
41643 1812
74946 1027
12394 1784
40161 1556
79495 509
90116 946
65868 1745
75657 1021
82984 1593
39332 609
42804 1272
25918 1499
53028 1268
31154 1218
53586 511
86382 1466
85133 912
85233 675
48062 1161
22984 1592
37838 1636
34977 909
95767 296
28104 1798
74871 1076
8857 370
50377 939
27508 1937
79706 739
18625 133
55802 769
61201 114
54884 1339
60065 179
23646 1507
54745 1699
4163 1632
96726 748
3737 303
89667 1343
23032 1609
11186 1711
93378 1625
83308 1599
40560 607
55679 1961
24175 69
56174 974
62295 77
30412 1761
24986 1712
2129 418
25523 1963
73182 1587
65971 970
71655 1811
54675 296
22418 327
94892 787
52240 1774
54180 924
45694 1495
51685 1505
15458 750
37260 515
29532 1193
85100 1231
14187 1023
8591 735
43107 1573
52013 1830
26182 354
4753 185
56802 1987
11831 472
53641 234
27471 1623
10211 1329
14089 1007
52158 182
45281 1877
70481 236
74752 1222
58765 1333
84523 51
2479 1731
90523 1964
37481 1805
77051 1672
73114 874
16157 916
29575 1481
98365 1131
68349 101
43488 990
63270 988
70016 91
53530 892
77323 378
54277 723
7507 96
53836 167
12826 74
64696 1217
17828 472
12273 1515
14591 1385
56554 882
22765 1107
13768 856
99584 1680
46153 852
86843 789
44252 463
13348 112
35141 928
13642 1651
57164 121
22003 1784
88759 105
34699 268
60973 1414
63261 512
97053 1301
18373 389
40143 740
26925 1484
5820 1577
50400 1653
5206 132
37919 1360
27213 160
59309 1709
21259 35
18673 1783
70367 420
13261 138
59010 1282
24737 600
58895 1259
62620 781
69874 692
65332 885
91514 445
84401 68
63297 605
12402 657
77939 615
57116 1468
47906 1865
91743 1778
70029 152
93966 560
90479 1871
93692 491
57893 1358
69452 1202
57593 41
1505 423
95148 1782
85729 496
92056 1408
54773 1633
36372 516
41849 788
46717 1270
90829 627
61669 391
52483 1021
97403 1177
36107 817
27174 1648
81759 893
32669 161
27314 653
35736 73
19161 1601
46764 1756
28818 901
46603 1109
29123 89
12818 196
9825 385
17323 1658
3513 656
14934 906
62832 434
23186 1858
50247 878
2880 1931
40658 1792
15101 119
70723 1758
6246 1389
48823 873
70822 420
36264 958
29975 1298
87331 469
9291 933
24798 1984
32213 1167
55660 1103
36271 1806
21854 765
27822 1608
36498 1935
68932 1518
80450 993
40225 1303
40857 154
21481 1690
10802 702
61420 913
50782 1842
72945 874
59842 998
14753 101
31538 601
83810 63
34352 1042
62529 1128
5482 1104
11364 1575
23408 227
96164 473
70910 1274
79793 1301
74276 554
47960 1033
68121 1330
76462 151
88578 1601
86053 1263
58235 1499
37765 913
23044 1422
32812 1516
67087 1402
29937 1620
79558 258
54693 158
10984 1605
21848 1999
13318 1850
14228 277
17865 1955
13591 180
67773 1343
17306 982
12076 518
69457 593
53139 499
4575 990
42918 1603
3426 421
22673 657
3069 533
19618 591
12575 1039
93785 532
40423 611
71095 655
45267 825
73566 678
80494 156
97326 47
22819 1476
26905 1501
67571 1902
58533 121
15637 1026
91687 1687
2395 1016
76057 670
60900 1432
8429 1254
33726 317
84548 144
90354 19
46924 1131
97624 945
16541 315
55160 1739
11774 1629
55052 1150
79483 990
14043 1687
75143 763
1403 1097
72190 465
64601 1422
88144 1954
32041 1155
54653 357
35900 146
5737 1004
97413 1496
79582 424
25952 162
34948 104
36100 1119
83504 719
66429 1217
39999 42
59907 1852
92583 1510
15832 1351
4854 393
5510 1172
68014 627
24151 275
13194 1506
59678 1743
43934 1456
18889 1093
40284 1778
37944 764
37236 628
69885 584
92668 411
78953 516
27047 334
97835 29
3058 378
6196 188
69850 883
5532 1620
21910 23
89895 1333
31835 1318
71451 1736
36185 328
82219 1981
63471 75
752 59
17796 1506
32579 424
32017 9
27156 739
47695 1865
5396 184
90668 679
45591 481
11776 1805
89336 1867
87093 1351
22270 1838
83235 1676
92953 905
56034 1254
47719 121
1765 166
23550 1709
26950 94
3528 1864
86731 1382
2997 881
85733 935
75599 1610
24277 1105
21680 803
15888 1908
5410 1335
55182 1457
71979 1237
68822 1176
59632 1878
47195 1720
46440 1996
8627 1751
20992 1909
61040 83
85554 726
56525 1325
57049 508
40041 930
67317 1387
20882 1053
93473 258
99838 89
11527 1445
38645 169
21877 45
31884 1001
13529 905
24333 558
3870 135
58520 504
63738 120
32525 1764
83936 158
99914 647
40300 1504
58499 446
98296 1706
43849 1588
21863 1593
24937 1116
96464 482
86432 737
98843 53
36502 1613
46117 399
24178 523
66867 1713
57877 527
73820 98
6171 1215
16995 1176
93000 590
20137 373
15845 1653
85404 1385
67286 942
2236 1359
88668 1701
48428 880
61849 1225
95551 260
19523 865
15831 1931
73258 500
65535 507
3614 777
88380 752
9978 1546
8299 1999
19732 773
92569 797
34206 1907
8117 1802
80381 445
13878 769
79702 1236
75413 1327
52026 1748
31606 1557
51651 177
17898 1737
33477 1718
20920 1701
73129 651
94910 548
16827 339
95164 647
1699 611
21407 1600
31938 78
71333 1339
42897 419
62218 239
98913 1181
83224 1977
27573 1293
14197 640
1340 1115
76215 393
3611 1632
13028 83
88721 1883
98531 217
69620 1062
36115 356
88535 900
7570 1283
89633 697
60057 277
54195 928
3101 908
66445 1916
63311 1670
23948 1324
74318 562
38186 1481
93300 744
65982 62
28162 45
68128 1535
90007 1499
36790 960
26642 530
61403 233
63509 1660
61828 1239
49455 284
77436 1740
90795 35
67000 1574
32470 277
74660 437
32944 1017
7671 1234
82370 1267
34139 979
15626 1721
40740 879
74791 860
15478 745
58303 165
98993 180
58498 1942
44208 1578
51585 559
24098 1601
16049 675
65215 210
47827 855
85932 1148
16194 1765
12563 1535
89700 421
96152 1297
1086 588
7714 577
53871 1633
31548 1404
85609 1518
31283 224
2048 594
1786 340
71495 1171
10278 1826
81328 465
64907 243
80801 723
65231 1202
79644 1436
88317 127
64060 1085
33891 1888
6485 277
96018 1992
80414 1060
61124 935
99048 449
80813 726
88852 69
42566 1300
56350 657
14884 1793
96245 811
61999 1849
61370 1163
8683 53
55826 778
88682 680
15776 1578
22816 274
29016 385
66897 970
38921 222
45287 501
99165 443
19297 588
56137 1965
41697 757
83200 1665
71805 1107
80973 824
8244 1128
44293 1128
57311 553
25299 643
10204 722
2949 1681
10023 65
32441 104
52473 1911
36006 855
75493 1232
30150 1237
90857 523
49346 251
90129 1184
66396 632
11317 1623
65883 1168
5102 1450
37962 565
69081 1614
44159 1277
48843 1987
23065 955
9791 755
79933 1295
15314 779
35645 1421
322 791
66756 1393
48108 729
65320 1712
28277 1853
43566 1223
84032 859
84702 1320
32373 1805
57535 1826
22288 1101
71156 1405
4398 560
89639 261
53923 1498
50533 1522
88104 172
5155 394
29637 1870
24005 225
23597 1880
83886 1731
81844 1843
66765 903
91583 1675
51946 2000
15790 1290
7482 82
82841 314
4741 1072
50474 452
27820 41
33240 1604
90167 1192
24540 1980
29928 435
59091 38
9615 460
7311 199
43898 929
95831 1313
78201 1847
35516 92
38495 912
4963 429
84920 196
90367 1605
98895 194
87845 988
84851 964
86402 996
26333 1480
84382 1486
15181 546
12 152
35835 89
31888 156
64849 397
74700 706
35492 483
83885 924
44162 1734
36868 801
97729 386
59259 1139
70147 1014
360 779
35636 609
88909 356
19652 383
75035 1746
76333 128
89372 1616
4728 1012
46668 1556
24431 1590
95198 59
91427 1175
24675 170
6482 417
90672 1574
48038 1997
94369 81
99188 1147
61008 502
51507 1133
48205 942
78333 1645
20258 83
8601 475
47133 1299
7537 689
5849 1015
94670 1105
8909 30
83376 462
84601 1382
35391 1603
99234 952
3532 593
97435 1556
63965 822
35717 30
28906 1598
61940 209
14283 1156
10455 1040
8290 504
1949 119
38593 274
77793 352
10568 989
96185 323
95943 948
72303 18
57182 702
15747 759
36651 593
47238 384
63056 966
81175 1766
3397 1432
18196 1712
1176 372
56307 1017
36774 1100
86264 360
15444 1216
52269 537
27549 148
92465 1006
28376 488
22448 239
49389 791
989 440
75465 637
81324 755
64921 300
43256 1196
9523 1820
65217 583
71650 1686
95810 1999
10703 633
98616 622
21105 1122
29721 87
41847 1607
27159 1769
25224 941
92678 1202
91450 242
58469 2000
22814 1100
10172 1644
28361 1833
76908 1900
59353 1132
31015 1357
34019 1194
43128 1990
76427 206
30675 1626
41083 1613
5831 791
27518 1565
9773 977
38550 1742
16508 825
23305 1567
56539 904
99115 380
94485 1558
71860 1699
64931 845
40014 1314
84686 1238
34065 216
94302 502
62328 1933
61499 1096
79472 713
81412 1601
8756 1729
29741 264
18223 1496
22456 722
83938 1335
6385 116
72594 665
61231 1878
50898 40
5569 509
55364 853
92601 1225
70244 1575
28363 495
3160 1197
18959 480
9967 771
23069 1488
94659 1177
70125 1790
4846 1390
78981 1041
77457 1890
56652 249
16261 987
40431 1202
82534 1871
61061 319
79458 349
69692 1542
76247 888
94921 729
46719 208
30290 1399
97078 1618
96497 1342
37616 1221
49583 565
31740 955
13326 1869
19797 1310
84090 1368
21795 503
80074 1535
88126 114
48127 1370
31528 666
24086 204
91905 280
68715 1146
49347 1459
87568 494
10093 108
8656 402
49729 833
98216 1782
47984 408
55034 710
17810 1590
56896 1320
43482 1533
32360 1423
29507 205
75714 977
43006 308
98633 1995
17785 1188
81208 1939
52185 395
18753 1921
94501 1928
97850 1394
54065 811
61791 1722
6747 1980
96815 1572
24322 330
15085 1385
26140 37
20715 751
31102 1671
34431 499
52273 1105
74290 171
54459 37
97367 1633
88188 1923
71394 609
24014 1532
47921 1377
96380 563
39354 685
35244 1818
31981 1724
95483 590
77234 1769
84227 922
11365 1866
9690 55
31146 1931
62377 1536
35325 739
85678 95
53594 783
93456 1797
69163 1549
90075 1251
16605 1134
61648 1410
28314 903
90532 1061
9646 1290
93131 1687
91891 1413
43395 145
15975 1443
68968 182
43275 1973
82101 340
45625 959
99426 1476
40377 408
10924 167
93246 1145
81358 905
937 802
5895 1706
63262 652
23928 267
22201 733
86692 1424
1171 1930
98254 1152
76609 621
93077 183
25577 833
1572 1181
72440 102
71292 1899
12957 1528
50516 1438
35524 1122
40886 977
35183 1125
50402 1388
84931 1729
88541 1593
36138 1901
49697 1883
56876 1838
41589 625
87973 24
21594 231
79020 1961
45251 291
94632 183
65966 1408
28428 691
85311 1697
8895 65
43983 1601
90801 1038
35320 530
49959 484
33963 785
65641 1625
21521 1640
8550 856
51892 1628
79647 91
97937 632
58972 182
76325 1692
1917 1181
85630 1134
1557 1821
1023 913
71047 1219
4570 1537
14364 1111
59736 874
26406 363
33136 1203
48282 697
33507 1325
56964 1786
40272 1555
4545 59
23361 1139
66192 381
7521 1523
27264 237
11029 1052
78215 1903
96598 704
44744 473
53303 1899
85430 739
72119 1965
98234 1317
76598 712
58860 1101
79190 670
12806 1328
19444 1422
20376 674
57219 613
32794 1688
43615 208
55596 147
77319 1081
17972 627
11979 1717
41954 701
84436 1922
4989 1509
95007 462
27188 617
51316 1439
87782 1110
76017 707
40246 1202
20280 1453
11610 1569
7588 1987
78059 1808
47459 1738
85879 497
98590 1868
30928 1692
34725 39
68256 1082
90288 1323
20613 1295
78223 1916
29191 1065
93489 123
69304 959
46520 354
9933 689
94481 571
34541 382
97734 354
60081 1922
54315 1438
37121 155
82034 587
95411 1387
51797 877
84597 1888
22282 1330
51348 502
56087 728
58108 1848
81916 1590
41476 337
4473 1846
24097 936
17756 1166
70918 651
48909 1448
70632 407
50671 614
46967 904
14704 1369
60425 791
86205 1331
89776 1733
16547 1810
5147 134
60405 902
80221 388
83327 1151
64212 441
24901 1579
26219 1045
89488 98
44414 1010
26275 242
53620 1310
99909 447
33035 338
52119 1889
26262 260
33017 1936
40025 1003
60763 1126
38438 372
63831 619
17664 1626
40494 850
30319 1620
97095 1118
76868 1236
95012 438
61730 1647
35657 691
29108 1316
23938 1789
87757 128
14516 1555
37329 1074
1975 1020
56529 1775
51820 1984
86133 17
4119 1119
41623 1036
41310 1314
12438 145
60863 971
40402 1603
94491 1164
44878 1392
3619 1441
10760 860
57077 1449
99289 851
84105 501
72561 1646
57690 565
54390 863
2844 349
89572 1278
18749 1323
72839 1512
49708 980
12969 1317
54549 148
27779 963
17172 433
48175 129
42786 200
79118 1971
88213 1897
60762 504
20112 974
14535 128
54439 1373
64007 1144
19201 908
10801 1429
9875 1111
79346 1659
18029 400
28520 1845
79056 507
71937 1106
53212 268
16543 1432
77356 58
96890 1519
45084 875
12354 1853
20745 920
55435 1674
49718 496
60282 155
66286 707
27667 91
98689 194
69297 98
25335 1375
73517 1984
9409 1412
45382 395
30980 1928
11248 410
55569 874
20185 728
85066 390
1383 1047
39957 1535
77245 1584
86825 453
44449 1782
28229 1948
93312 1804
42284 988
1902 102
71875 1083
82249 764
16544 1016
51862 469
35703 1186
68436 717
67831 721
14659 1499
68297 745
73213 1632
4017 494
33410 1849
84193 463
5036 1620
48493 1615
5349 1537
95850 120
74381 1544
26043 1195
3448 1205
62269 965
85187 1683
14352 1296
89752 1540
18985 121
68757 1199
63866 1974
70460 105
11087 1035
61206 1090
91063 1118
22954 927
46525 442
82261 1441
22894 1241
88113 895
23030 1131
49585 583
73384 1993
28315 503
73117 289
60490 876
80486 1989
42258 1684
55934 333
79711 28
6632 1709
21747 1951
23269 1641
52464 91
7705 442
7257 441
93884 1356
33163 1859
6698 519
43000 139
70925 704
73994 47
24796 1032
64429 1979
59895 1810
18832 74
28722 926
58403 1000
89611 1790
24228 844
7334 1921
8399 1722
67197 91
70187 988
82898 1044
26947 125
98639 704
84742 1890
23092 397
34146 1752
65482 1975
17922 668
19378 1131
74409 437
34623 111
20277 1911
70043 1503
26103 926
59867 1503
76288 1076
88334 1724
19277 1429
99131 1439
84325 145
53990 458
71618 475
83982 1243
40490 415
2014 250
77975 1762
3770 203
4405 1789
34262 706
66686 170
15234 818
28129 105
82301 688
63847 1231
75789 413
27226 352
88292 1940
82826 1738
59613 1515
8171 65
48802 493
35914 126
21581 130
46919 1833
22687 1232
96592 1745
18380 1174
36919 1948
37259 89
50804 1076
47088 1580
315 308
99415 248
38959 1100
86147 275
73867 357
35694 538
19293 72
59378 718
95714 1458
79613 1731
47718 546
73509 698
70839 531
80815 1555
98009 841
69013 730
56402 1201
6780 1455
61613 1413
26347 472
24466 269
7742 888
64934 1262
97591 271
29621 626
85331 846
18719 692
37496 1113
20504 1044
88394 1009
98624 642
94234 1207
91991 1748
59297 1709
86226 374
50514 117
97627 1268
63828 1218
26493 1121
3842 323
33609 1345
90166 1188
79883 1520
60812 218
31176 1276
72738 1911
12238 127
49819 1526
71045 1278
34865 943
45990 1662
20945 1269
58112 167
35825 1057
41889 987
37506 1151
56027 1075
90594 378
432 1552
11944 656
26741 1156
33423 900
78686 740
2629 1309
15017 427
16262 645
26953 1357
1306 463
49642 882
64356 1139
18224 1517
49330 1354
66502 1317
66524 469
3691 1979
39690 607
1593 1719
93580 1800
20548 1715
90138 26
55957 1966
93934 1873
15899 249
44764 597
48555 489
84716 882
40016 324
61333 487
17768 1332
69183 712
27333 1148
88323 1847
35066 1625
20007 528
42861 1157
74164 1933
74387 875
75260 1731
47712 977
89846 467
3067 1334
7367 428
24788 129
86381 207
86525 1044
64532 823
43525 1956
55095 70
14192 658
2093 991
39452 414
70364 1134
37480 696
50625 415
2657 1058
73146 1553
42339 1870
42842 1830
93951 776
13948 1784
91162 1796
17698 68
702 256
47798 38
9620 430
63142 519
30328 478
61629 1458
95328 1502
69898 1831
8643 1622
43961 712
26655 255
20689 884
80448 1326
35968 1965
45740 1749
25589 9
1999 323
19217 1399
677 1405
76128 1405
6514 960
50057 338
77282 1480
28997 54
90174 506
70825 410
27853 1004
13444 890
38684 58
80976 170
51551 1556
68215 41
87704 1999
81170 1851
43548 1479
55124 1219
61722 1186
74727 1629
58285 1675
84830 1028
19655 410
59790 1826
31248 979
43912 679
16156 929
22755 1542
74598 199
96431 881
87472 1973
40930 1089
76020 1436
99052 71
88962 1351
3387 573
74367 212
10017 1669
65071 1997
7217 1512
43838 242
14111 1692
28577 1833
88115 960
85811 1476
61884 480
48158 1347
30323 981
17216 1849
24752 1438
8314 1245
82131 1177
68694 1049
87451 23
94597 1788
31701 692
52530 1784
75969 1326
68525 1675
86930 1193
37060 1488
51767 1374
88084 1062
75058 177
81571 1648
12673 609
23575 27
29612 1556
17268 1245
25251 1780
42403 2
68868 345
30849 1630
89442 1459
66682 724
47973 344
99759 585
59599 258
14626 1992
97198 1647
39604 253
72965 1217
85905 1808
90454 1963
293 779
19668 1867
90379 131
34511 744
56711 99
30787 304
83593 316
54301 1749
78910 496
21878 1919
99537 819
20863 627
33223 535
89259 1052
75048 671
26308 1857
26622 1843
45659 1899
66860 1914
43094 1217
91843 870
57022 1647
2855 139
40615 44
4136 325
41157 712
71085 189
48745 455
11853 1592
62211 967
63598 646
98102 68
55963 332
89109 362
1125 678
24858 1284
63318 1134
48051 1857
20479 14
56583 845
44542 1403
11241 256
69846 961
53119 588
50808 1022
3399 10
87578 1932
10216 688
97107 1974
94388 1554
43431 1118
48846 1970
13146 1584
72724 1847
31151 380
46944 1616
98321 1450
96957 1614
21248 265
21839 1407
95348 1760
82148 1733
77660 131
84472 934
55037 1230
99962 982
86270 1907
13717 1745
41715 1310
41857 896
78965 1579
15723 1224
89966 467
94048 1849
49588 1841
25166 96
34 1079
58914 623
66402 908
4546 370
59553 975
16880 739
59542 832
35601 1213
77198 1109
17444 1041
83479 204
65051 1291
22382 270
30084 917
58776 567
74770 1847
12162 473
85887 689
94979 1904
87832 1335
81975 459
43715 597
78266 1884
11335 1485
89712 165
57984 1832
12774 1173
95020 1117
93605 174
19759 1488
35359 878
75905 1861
19661 1436
48326 4
69929 744
31280 13
50555 497
39521 99
3035 1044
55465 109
8553 358
16993 746
45593 1389
87607 26
33564 600
6142 1534
57652 38
71868 1445
96169 1607
94713 95
85158 923
44678 1221
3226 1651
57994 524
66163 36
22021 1432
35845 1255
16490 1133
21152 652
63201 701
97663 409
59034 1053
4392 1081
51875 1513
7294 1263
70905 1671
23521 1639
73178 15
34925 1197
98791 781
91223 1072
97639 712
50776 1676
56100 534
60153 1035
89599 15
51540 52
62958 17
97358 215
33213 1702
23367 1638
89768 883
42766 265
14941 813
96804 620
77360 205
72691 1756
46488 789
16385 1781
60086 271
76809 669
34507 1010
26303 858
98866 1898
78471 343
68450 1899
42254 1922
71285 1029
66385 309
82726 763
52014 1663
85754 938
33975 387
48901 937
31680 1819
83074 1699
49143 1564
53425 322
10174 799
34257 390
80507 246
87762 651
4403 230
97211 1827
6017 719
94818 1973
22193 1789
40685 1625
50262 1782
65230 1691
54338 535
15670 734
66488 880
38983 399
35232 170
61958 1663
9732 1129
12491 491
18077 254
1808 1231
55990 350
71336 439
92614 685
64037 872
89354 610
15302 1002
48949 133
97058 1061
30405 1765
22785 201
35488 1557
41366 1288
7641 328
2082 1594
86855 1662
76023 957
35563 1024
8214 275
82531 1328
1344 1712
87038 806
18784 1623
19185 913
79474 648
85670 1215
85391 1240
78245 1432
96950 162
71428 1572
93848 375
92611 632
83130 72
17660 1772
3371 913
33298 457
21674 504
8391 1331
67841 1199
43497 69
7085 133
1528 269
51096 218
28130 1002
49433 739
68448 602
56033 711
95868 1655
92436 39
51786 50
93125 835
37179 978
10627 232
46432 751
2955 1734
68454 955
32869 545
94774 570
68494 505
87293 950
97245 215
16503 225
15814 347
48943 693
80917 147
7267 234
56699 1935
27336 561
70725 803
62392 1623
78233 554
64628 1438
31310 438
88218 1044
39706 989
37490 523
81940 1431
52381 775
92317 1529
84865 370
77505 395
6914 677
87814 1707
31754 1713
64636 74
15494 1681
23179 1029
94775 1512
52038 1698
17682 1275
36476 1260
44851 1746
14482 975
78203 513
8561 1050
25257 1947
7158 950
66874 358
54145 604
59204 1412
65961 1430
17524 542
90017 478
27002 1207
12425 555
58699 661
86224 305
81999 1884
41259 292
45409 762
11623 470
90572 697
32677 798
17540 1738
35567 916
60552 1672
93897 351
54699 1874
81860 1126
38466 96
71911 1611
64836 1101
4173 1694
6072 137
21324 1723
56308 441
31887 1965
8440 1523
9880 1689
4476 920
67714 1575
25534 169
25200 1122
30880 1033
41706 1545
92619 1026
13285 1702
35791 558
57283 659
70233 535
99938 1906
37572 47
49977 49
70973 1998
60928 151
54142 203
26701 1077
25619 73
52976 436
61789 1074
90929 1714
49651 1240
96593 1302
19007 111
31189 1110
6711 1137
17233 726
4446 1129
98001 1801
68795 1764
11609 248
81068 1679
18060 1032
54895 1408
3878 392
21902 981
80609 1137
53859 339
78240 565
34996 854
65808 770
50280 622
38564 72
69343 1358
92082 215
78304 1260
94152 976
48515 1165
1806 619
19958 517
84817 1370
25772 1793
80067 621
81374 673
18131 930
85333 1725
79039 418
89518 995
90598 125
45122 1423
52849 866
33407 459
60225 1385
49700 1958
45573 257
89344 116
91446 73
1989 104
11833 1945
3601 52
11555 761
58900 312
93190 1351
83519 1866
17249 110
58955 1652
28764 1633
57957 251
69277 62
86517 1708
49575 1698
91021 1997
23657 893
97526 1825
62412 973
51693 1055
14891 1384
46571 229
47641 712
12313 18
52803 270
96656 1287
93439 1180
96927 792
1531 1600
89669 1867
55272 1316
11152 698
39193 1868
20460 577
54271 1602
82866 911
47594 1269
28652 1529
70653 219
30160 435
20859 1187
22681 392
42642 376
48920 166
68671 1989
72051 482
11387 1506
46267 1521
86805 937
4813 377
54521 760
40707 236
14076 749
17346 79
90081 101
93261 193
86067 905
56997 1488
85320 1222
58970 1218
52864 619
4746 1339
42647 1567
40023 263
39289 97
31809 1850
72799 215
84710 1831
68511 304
35535 1017
413 10
4552 1769
88699 1285
24448 1912
88180 1198
93061 392
49964 931
34341 274
53316 642
71054 1061
23534 1530
10503 1325
45185 1211
77869 1731
36885 1619
30830 698
25810 1368
76299 999
66059 898
94989 1817
56454 88
70692 511
35200 1070
87851 262
97951 54
33773 883
9889 781
69325 369
72062 105
84718 694
38204 1517
48645 1734
65292 1885
39171 660
26521 1651
29365 433
65426 1875
11938 784
76122 362
85819 1896
51498 620
89005 487
24976 163
81442 1659
85276 792
43132 636
52016 1525
21285 93
54090 1428
74809 1939
29794 954
55879 1772
50242 1932
15979 337
65488 391
12094 810
44168 47
82564 1803
67409 146
25324 66
927 1449
30280 622
41392 1164
25041 377
52491 117
39541 115
86536 949
29470 1635
4021 991
41420 573
62532 1723
41336 315
57125 1018
64464 1252
99297 253
58917 1390
61547 604
27428 1201
97849 955
23889 1110
23605 618
44895 1822
29356 107
7913 1395
15584 1498
16780 1852
84115 150
84124 1079
10934 1117
96452 1165
23929 1183
2977 920
30262 838
10933 1926
99895 436
76825 1737
27400 166
18527 1507
96499 1800
22972 1165
84003 231
85334 1797
37466 737
9178 1471
79547 1333
77420 1958
98923 111
75879 1656
63105 1365
5080 246
81647 1192
40412 128
28163 1774
16067 329
73702 630
697 1778
78354 395
26053 1187
78829 600
47661 1804
93260 80
51084 42
95748 880
10734 753
72855 728
18321 1615
35650 938
70991 1220
41585 504
65340 500
77005 1012
34043 1999
50085 628
60408 216
19697 1269
13544 589
36725 863
17453 1952
82662 1175
64230 1138
97187 1647
17829 1363
17826 1398
4402 478
42710 1389
46671 696
37711 1938
71218 109
75774 966
38579 1891
3439 845
64847 293
79779 258
61989 143
3863 642
21160 287
67587 1880
55824 818
89955 10
24490 1523
15331 467
91439 1862
85692 376
12127 55
35165 1861
5699 397
49278 1918
84935 396
30506 45
71889 359
96412 175
42018 1201
15358 860
5745 535
13175 1982
12464 267
18169 1886
75616 702
31646 91
51603 1621
84120 114
63580 113
81795 814
40318 1343
8495 961
46855 617
99430 355
744 1257
88604 1665
18552 190
97828 90
67281 1897
63154 711
92527 754
43206 1551
62591 1177
25965 524
10741 1935
87398 1045
61111 1503
92157 419
37887 1403
22016 1927
80339 745
12843 1263
23627 1668
38737 400
50744 973
66562 1407
93096 618
8954 794
58812 984
63697 840
98475 1057
89393 1677
11374 482
59598 911
3040 90
9850 988
93677 1990
90993 1426
21493 124
99695 1372
29022 1749
76872 1851
98140 648
73162 780
81375 1975
72676 1820
9809 1175
15687 1431
96195 1373
56467 1371
4002 1194
78015 105
67736 55
93857 665
84151 973
57496 292
64301 1811
53080 171
9459 1743
95958 382
12388 856
28028 908
25316 1092
95582 277
20828 145
67735 726
21376 1502
5894 685
47724 1986
31148 714
89281 760
68682 748
35923 976
920 504
22616 629
37913 1120
57943 419
23538 1620
41236 239
15721 74
77932 1369
96032 1328
18294 604
4326 412
93687 1603
82233 390
42548 809
5442 251
92932 1060
89305 175
30474 1179
10179 1409
73081 158
65025 1956
8172 512
80216 1135
1737 1643
98740 945
94762 659
53339 1988
26789 1146
78185 1662
85568 1338
11304 1947
58349 1621
98555 805
71094 1546
51127 1640
71327 1981
25132 971
10398 1018
52415 486
96361 689
17556 670
68770 842
75246 523
7817 1777
48044 28
62734 133
1882 825
99382 688
89648 208
47508 1698
96044 1083
5332 1621
82175 1392
71961 99
8444 1356
37229 1637
67790 941
19646 489
58432 1579
11835 185
91393 502
48125 1398
64469 1130
3463 730
97537 810
83073 1544
2037 431
49367 208
20997 247
33693 14
63712 1609
6890 1523
81273 134
36047 173
30832 1968
67108 406
4456 1132
55098 1364
30129 540
56980 315
74670 2
67152 657
74523 49
34942 1498
30136 1603
88497 440
51357 1251
33947 1402
33232 775
46033 1895
91325 429
26356 506
