580 367 41169
28784 711
78617 1810
81256 1442
7491 1302
55926 664
49343 1099
33662 1453
40341 1589
27132 1103
52754 925
86895 1283
39876 1928
70349 847
10204 1365
94189 1634
75172 1451
91983 1117
51251 1724
28407 1600
38767 1946
95332 1236
18093 1715
56580 567
21590 55
49891 1227
27803 74
93298 1322
53135 1010
29284 1974
6927 821
49924 915
57619 572
72424 1873
99247 1995
62898 1641
15898 1247
56819 1035
62011 12
6155 1022
37889 580
95207 1406
72435 1839
87324 672
38815 608
22413 1854
1007 854
29373 1093
87011 872
73428 211
1869 1534
98615 1044
99372 1154
38889 1813
67029 974
14379 1838
17426 1124
20072 1697
36257 1149
11336 1300
44143 250
14865 1598
52903 833
59188 582
79897 576
46740 710
42785 1099
40833 1678
69162 1746
53181 948
20881 1132
61861 1729
68178 472
24334 1170
17358 822
26714 706
57755 470
69629 1997
82883 483
38167 409
14919 1135
10473 990
63493 1028
72920 1997
1705 927
35942 799
79218 1547
68933 769
23820 1482
64553 461
52740 1004
242 1685
4235 39
62434 842
45621 302
1585 1263
20213 343
44488 1324
91746 251
41643 838
80745 290
95064 915
33493 972
80329 1470
91912 729
71160 719
59668 262
47836 852
15374 1956
42345 306
29348 483
53798 628
3755 1541
11990 43
81540 701
27509 1437
53134 434
34933 1608
55206 1058
49893 1073
92793 1317
72690 461
81724 876
48826 1107
77157 1952
84465 918
54593 1561
83444 602
49932 1787
45504 11
51784 16
57130 609
93975 1772
4010 874
61684 1447
45667 354
77208 1330
84569 279
36721 1925
84241 1874
75147 1847
91478 1824
50951 1420
16595 394
43605 351
17142 673
66418 650
41701 1871
65766 735
83700 1719
10812 1349
36245 1869
70414 1273
14409 1745
10206 366
72249 173
75278 1267
23340 120
15464 937
80970 388
24160 1084
65519 1272
8182 941
52914 1171
98428 372
72401 1364
56266 1267
33441 1525
36871 1453
52282 1465
56321 1144
67861 1895
80847 960
42522 1487
64341 1433
20396 252
18369 1029
82983 290
25170 122
18645 1296
15202 1228
17709 1
49184 816
24749 1197
70266 1293
39637 1885
83368 1599
56875 1838
54382 668
28679 281
17109 256
84744 1483
97269 1075
59065 1426
19684 1128
60580 1548
40997 262
80204 1524
34277 1832
41847 862
43475 1773
41055 1614
9681 1258
19333 388
74489 211
58260 1160
84724 173
82027 1348
43668 1537
12911 383
68571 323
44745 493
20262 1651
27548 541
79836 1137
31350 1545
16502 798
81300 1153
13984 429
84048 153
16473 923
98583 491
60810 438
56623 935
8539 517
37157 1215
72747 1241
53863 1445
43590 1562
5952 1452
80311 520
27798 261
87628 437
17065 1796
40033 587
9573 1775
23627 1051
78259 132
11992 1376
95908 250
7630 805
38613 265
91475 781
59912 1750
67391 283
53077 235
80801 1541
57961 201
87277 730
16585 1011
49429 395
6693 1559
77589 325
54681 401
26931 1533
54244 1193
85556 1458
81634 1356
11454 1532
11394 1230
80062 1984
25761 898
51090 1299
88981 490
90268 1619
80464 232
11516 1076
4081 1815
68713 102
16085 44
37814 1175
53755 1532
35127 89
33004 1005
83809 1569
62109 1474
79540 1091
51250 1649
73489 61
1064 467
42470 1514
6184 1815
82556 779
97443 1892
38623 1975
6985 1962
76478 1767
1724 683
50223 1792
81079 1040
88040 630
87373 271
26092 1201
75828 617
72386 668
62101 773
9197 1666
33387 1260
19364 1558
72684 76
41565 845
37466 915
68080 682
48337 520
83897 256
37521 1907
65671 247
87687 57
91120 755
85279 496
59677 273
97195 205
48916 1817
24332 1233
13378 1419
21636 287
26232 703
8626 1217
31434 1627
13852 488
79382 1408
24327 1845
1941 609
59080 74
56327 669
76265 1451
89175 1078
39399 615
9791 1636
49930 763
84680 621
91563 1831
84762 24
32568 1755
51583 112
68991 784
33048 1949
73093 365
7649 1345
28961 523
15050 367
66197 664
47859 888
3711 1427
50149 892
32038 482
69381 1557
51100 1073
7108 1061
98617 1209
47102 828
84971 1012
46110 1658
48718 1587
56898 571
7929 106
40614 1396
89269 536
82286 220
97434 1726
80598 1883
35216 60
14963 321
71987 1616
95827 1684
66928 259
79499 1727
75529 1740
82355 482
27877 59
21151 1145
39913 494
77180 1424
65037 552
12410 1646
36372 20
93953 1842
13547 831
84283 951
49003 1133
2022 365
94677 1949
83737 915
17705 1243
3701 1530
12539 1409
74009 495
64459 1304
37585 948
80686 1524
30820 36
64416 1822
29991 991
4334 1045
35719 1770
78952 1776
18054 535
77377 567
97884 664
35571 1293
31702 543
44741 38
27325 264
68417 185
64359 701
50121 1711
5718 661
99044 1102
68643 1635
14433 1126
76665 1451
38288 827
69855 1287
81533 53
6539 1582
7839 139
27667 135
22553 1452
39625 1017
45662 506
86235 1243
15099 1692
17915 1552
63260 1549
88182 1014
82753 432
27377 533
65665 854
79145 1900
39480 1075
60719 167
50415 937
74043 758
74634 805
67426 1738
38712 1698
17328 1724
74296 15
54312 1595
15204 1567
62335 1999
41321 52
52910 686
27644 731
11014 1292
46685 750
18255 431
95062 805
68975 390
86776 630
4572 1481
98235 183
93217 1057
63761 64
96967 1558
39748 1590
69995 911
96273 522
26101 910
9502 199
93833 644
93936 29
82700 1598
92413 1108
57893 1650
94971 1681
49913 274
88712 990
18942 1198
90238 1082
16419 36
48960 1913
5597 431
66736 1717
8967 530
56657 1541
52898 688
76836 740
17148 133
34676 829
40025 482
25403 681
13744 471
80828 373
42612 1027
73239 806
14504 289
43674 725
90504 1101
27215 1085
90077 348
69368 780
37442 434
19531 1683
22734 1228
39906 496
3876 1386
46750 955
81259 195
43922 1441
30561 985
81182 1880
59316 632
90963 1314
58548 1385
4428 1743
37186 299
42716 143
60232 713
92728 1851
84288 1114
84991 1102
20710 581
44099 891
50569 1469
54103 1658
245 1765
51642 1988
57638 1041
71556 1913
99575 977
52646 524
97892 684
15056 1789
56997 1333
98907 993
18135 21
46852 305
79248 1343
11703 1552
71950 1213
90111 1648
72337 1478
95216 438
41998 1299
6904 1697
86492 1792
32249 265
66844 1042
65187 1731
38025 714
84565 1375
7878 568
20384 1010
36896 1123
8859 219
71080 1121
61395 1914
43359 830
28920 684
1489 1838
95623 1024
8608 63
36850 1509
50585 580
99868 1199
6342 1935
17851 989
53167 1747
85272 1136
70031 1109
35284 946
86316 1564
19792 1119
20452 746
46628 894
89317 1411
8471 1545
29273 1852
89794 871
17455 1352
35895 1666
55692 1192
68094 297
64951 201
91025 1877
6141 1883
48926 974
17360 719
65840 367
49772 1214
