45 1061 95225
73033 72
4041 1919
28052 1379
45571 1813
60228 1744
17585 1980
40619 1040
70525 687
27585 1642
61404 316
74798 988
85743 543
35909 1660
12645 172
4015 428
97394 1107
61308 1398
90392 709
93521 820
15840 878
55974 331
87945 505
94421 1773
56884 347
86702 330
37393 1758
57090 1583
49010 871
68730 1881
71804 1115
35591 744
80305 38
88546 833
92574 271
16545 1989
81746 745
55080 1780
99402 951
20026 1022
53897 412
89723 1065
28695 1615
3345 876
78591 1413
97097 624
