7864 187 29589
83103 268
20734 599
69054 442
56553 846
27996 478
93874 62
93577 352
67279 1627
84019 603
94099 1599
54429 539
20558 164
94435 386
45174 1731
68639 49
50003 251
39988 1185
50546 648
77674 306
40943 632
25178 632
32245 1425
99289 358
48070 514
71859 7
45334 1699
60164 1956
35194 1958
52042 1718
92377 1229
56879 993
55117 1802
10594 702
7972 257
17474 1693
23292 1139
81861 1446
88300 283
85029 1497
10563 656
20344 282
63856 1632
8227 272
12520 1599
40901 425
52084 1538
47140 1028
99028 756
90218 1816
32673 1671
78811 1966
1368 990
12266 670
91559 369
30319 29
7325 346
77239 1775
36611 1355
32982 1157
78542 1192
55097 1372
8381 371
23762 1843
85962 428
41605 160
47017 1701
61495 968
26771 1879
80090 1026
74479 595
68746 1741
15643 1029
89821 1885
40392 550
90996 1471
88911 1786
11298 885
67249 1853
23617 1894
69634 651
74892 939
6741 969
64585 1612
45675 715
40018 1482
26988 206
2440 1515
58381 77
82367 1004
6320 1735
70690 551
20018 1502
63358 1476
60401 764
41532 864
15831 820
46456 205
78680 1497
60670 1169
71380 531
56120 1302
99562 1480
15764 710
33215 247
24000 188
42383 212
65700 2
86166 114
10761 1904
98824 1897
59091 1532
51826 1803
34200 427
5045 1867
84130 271
88517 772
80344 385
54486 1836
45086 947
93646 664
85581 597
5463 429
85993 517
83091 525
32025 1410
91218 311
27415 257
45589 1589
95610 11
18207 1325
24435 763
99744 241
2052 739
98506 623
50594 1799
61546 1266
33525 774
41214 1399
27654 29
63138 517
92500 160
81240 1522
99128 442
84753 531
42587 1911
64058 1756
70943 1289
49714 1120
81386 746
69604 461
15102 1144
8608 88
77599 645
63898 803
9794 1543
51679 1161
83763 1844
23058 1674
12323 1470
76352 1125
50235 963
55903 851
40506 1757
15224 1259
53358 1212
93899 856
2958 75
342 1206
38080 463
63677 661
58963 1826
178 1653
58994 1624
65364 1119
22375 1461
90812 256
44537 1856
79203 698
2656 251
54792 1592
23631 1601
28914 204
34245 1370
67882 1798
75873 1945
56617 1534
78729 1507
11721 183
76768 1203
64267 1311
82331 1103
35339 1126
47370 1119
78922 831
27938 1598
77046 1488
42750 494
16433 741
78050 1851
69936 576
18660 960
38826 418
77181 690
29773 1580
57399 994
93300 800
76549 355
71577 119
50437 1258
29674 1300
79003 132
92093 1246
21741 541
95960 1219
377 1948
18712 281
90634 12
20661 1313
62980 321
76282 137
79714 1554
64883 1257
80095 758
20254 1821
94398 788
54284 543
51709 1562
16568 1255
99279 1389
66145 172
78032 1433
8129 1249
58244 1856
29893 552
93610 27
64934 559
47354 1038
26743 1294
2188 1210
68589 1031
26681 311
65920 1040
19308 348
40619 1332
98260 212
52748 1045
69267 24
69315 279
54142 1695
19238 267
33303 1496
11288 100
88442 1733
80954 371
39558 176
75335 1049
3083 1243
17261 1956
19958 1774
66823 781
24405 113
51337 286
89073 677
82706 412
39477 1357
83229 1664
98451 729
81106 1899
21835 1323
17274 1583
53907 1743
9584 1396
43090 261
73689 1910
28429 1753
22203 923
64959 1720
48081 586
57289 1625
46271 1680
92803 96
22676 187
69429 355
33979 436
83356 1202
78618 81
44138 1544
47294 1072
62744 1002
59920 1144
57276 398
85193 134
63106 274
57425 1202
85643 1544
70311 498
23388 802
76073 1144
2644 1302
42704 751
64712 242
10321 520
13148 30
4559 1534
70667 280
86597 1441
54532 1330
25897 1583
59960 447
39576 819
52553 157
1110 1203
72295 693
75461 682
3665 1595
71223 97
92033 370
77347 823
9850 985
4962 1455
10395 882
50268 53
89512 1555
60835 1705
46908 1960
35629 1386
12245 1205
19174 425
38618 1274
17073 819
12547 1853
22321 1765
42951 244
25282 608
6724 876
91174 382
46047 1216
2173 1870
35898 1906
52933 806
33802 1031
99908 1254
52 1405
44481 506
33820 126
94368 1487
35997 578
24398 1596
72206 1154
78216 1804
33431 846
46885 592
57152 304
99136 530
71766 1198
19765 102
80053 1723
88213 1268
95395 938
26159 1434
35557 1373
30723 66
83974 86
36647 923
74151 1314
79677 449
94027 916
30987 174
34791 1533
91856 1270
66065 958
21703 322
27255 1816
9912 1442
13435 1077
17947 246
77202 996
13786 1566
79749 897
96003 87
80345 288
24355 659
5822 606
92497 995
97378 812
88114 1219
5705 1492
98912 1377
19760 1390
16671 920
81615 1593
21477 729
65414 1539
85023 359
43920 1277
64152 392
39903 1968
60076 1875
81157 715
3834 412
33036 571
38033 1166
71358 929
56769 547
86554 291
36912 1991
33721 443
56614 542
53159 1794
70337 941
75785 1797
68282 612
91787 1089
5577 1784
68151 1638
60911 304
78376 78
1038 1594
98505 1090
73364 139
65627 1927
92361 741
99129 416
45103 379
50239 799
43018 1310
66442 1038
76177 356
16163 248
3444 3
51287 651
86260 1084
42455 1513
93850 265
84010 1763
35535 1851
16691 646
70368 1172
62648 1774
22135 108
36932 1132
33932 188
22502 1209
72066 338
73862 1792
31429 1917
84475 884
72550 1945
42307 1865
74762 1502
28119 1963
94296 750
59639 1154
87737 181
14093 1139
13193 838
92431 1909
95973 357
73587 1972
9355 1369
93696 317
24010 1336
4852 548
94357 1374
63025 1217
98759 690
48385 1744
76264 200
18689 634
84860 1176
73931 1939
13012 1579
41336 479
89874 414
80780 941
45818 1909
8818 99
71528 295
91875 588
58691 1
25317 1145
4168 929
85040 1621
45781 1187
51437 72
79748 1081
19381 1190
12094 81
90762 801
75474 1866
1732 1685
46819 18
4367 1532
79708 1167
87563 798
90573 468
14439 59
766 1784
9344 1730
31872 449
26099 1741
6719 1887
31307 158
14169 395
37709 1935
51675 1430
76150 1875
70353 1419
2937 1167
17368 1919
74005 1079
11020 1775
6191 1817
610 839
57906 854
60536 1869
51018 1899
38397 1781
9023 425
31242 755
96055 1773
37669 1492
417 288
9643 359
40447 1652
76354 355
42177 754
92256 77
66369 7
48613 1913
21266 726
74973 1174
15251 1620
35727 1661
17331 1142
80320 848
958 81
2321 1319
37487 681
18589 1207
83343 1488
72214 1114
14014 153
62203 925
87697 1696
12942 436
16252 1177
22573 1783
57911 1560
4608 16
3598 342
71102 827
86761 950
70057 1352
58236 1541
49518 1958
50744 1226
43689 1286
55088 223
57548 599
46754 1372
71144 551
2547 604
49601 1677
80765 182
71772 188
76333 30
23710 960
37136 708
97538 1380
92234 1807
44531 1417
43147 318
34954 457
17956 1816
82688 1430
86080 1881
93440 1442
54462 1977
61069 1065
82063 1987
80355 1897
55536 1163
40886 899
5002 1715
57034 419
8869 1561
48201 1849
55232 1633
38180 1912
66979 758
74394 372
42217 1017
85301 1348
49022 479
7545 84
12332 1754
42259 1476
76876 468
41530 388
52650 1174
3276 1835
92071 1523
27292 1794
4318 1679
39287 1436
99015 1650
95959 801
22712 1719
41689 35
11380 1257
25563 914
26105 237
83192 1607
94486 1106
96235 1725
52668 322
41811 765
32003 2000
837 1675
33170 694
62908 1269
52574 1733
89725 1123
6570 1462
93619 780
8513 272
31742 654
59012 1924
34896 377
86213 748
2063 1746
3733 242
29133 491
84608 654
36230 970
21174 1560
24262 1332
31431 1471
56336 1737
95257 355
94390 863
42882 611
85292 628
81328 244
68579 1464
44679 221
46650 1826
48911 747
95178 1241
6305 586
45824 687
71415 839
6590 628
81025 1174
40153 664
32264 1705
62423 287
2351 1770
69660 619
64650 605
30238 350
90594 39
29262 433
2162 1560
71532 110
51421 1390
37350 484
55041 1916
69667 1519
76615 1547
34709 523
33038 1784
86283 1132
49758 1233
46457 1015
28068 1949
89427 1525
32561 1511
56074 1196
60269 1465
91393 396
11093 405
34101 818
95857 297
31103 1301
93474 1462
87494 656
80000 1600
5809 1426
87210 1867
94426 1383
16940 1959
94471 246
27979 1250
48892 1077
63553 1750
3540 340
4462 1160
82949 625
41123 608
72549 805
93822 1373
86174 1209
4124 1497
83522 1556
88293 1512
17137 1692
58018 1018
16102 148
97387 737
4622 765
23230 216
92337 583
78687 554
7792 1843
67027 1686
24112 1940
79994 602
61283 392
45893 1005
18600 1594
11480 1874
74271 778
80371 1174
43364 635
1499 1728
47238 220
69516 1182
19341 330
58451 416
49218 1606
49160 540
8170 1365
38907 1979
72492 1115
74056 1540
71521 701
54137 701
9467 258
74622 1041
68249 1590
60874 693
52561 696
62906 300
20739 311
77980 253
41932 1882
10758 933
12369 1021
41015 642
29696 1161
70468 277
69012 1416
29174 713
75220 1907
4886 1180
84563 435
42328 650
65905 1824
86634 1660
96290 1046
48460 1655
37462 1861
64406 1911
58321 358
98263 794
50607 1432
37999 296
48371 887
70375 862
68057 1693
3533 1865
60170 671
47674 330
70984 512
34347 48
63522 88
2156 51
85997 1014
78349 806
97494 119
8102 1285
74061 913
83882 1213
43960 420
25889 1171
28831 1074
46026 430
81652 1634
56312 1417
88647 531
97471 1550
40219 1013
55141 1393
77001 987
19915 1602
25194 802
47828 1480
56691 305
61437 622
46166 739
43049 1575
9507 164
12754 1342
2205 1462
48434 770
13020 1941
58813 1106
44664 1807
7223 654
97423 637
32596 3
47919 1402
64581 642
19243 903
41956 496
1749 1830
10490 301
85478 676
22143 188
94781 226
31696 796
18771 1577
70500 1127
38895 148
43676 1308
40126 1695
93083 272
83590 212
76179 823
5688 958
99244 641
71493 36
2149 1792
5171 1497
83920 881
13280 755
20282 533
4043 24
77692 1701
2118 1611
83925 1849
64562 1285
95702 116
11828 1327
11195 1266
42964 535
65675 748
38776 971
51892 1883
25169 601
44308 550
13466 601
2943 778
4406 577
68213 643
34878 1151
41747 1698
47575 850
47910 526
47003 510
29375 556
4563 1453
58023 1682
97585 281
67970 629
31892 575
18704 184
45163 18
14865 97
46375 433
74747 1320
30826 1408
53140 418
58970 1634
62092 98
8011 1423
37918 1400
9634 1353
3921 1630
53646 349
24853 641
46191 1918
7103 1015
87927 186
32490 238
41938 894
72269 1148
22430 864
99017 763
99831 1880
54243 498
81644 295
15442 1893
15866 987
58161 738
82750 1474
65761 493
97259 1615
34001 1747
20418 892
1617 1026
40846 650
59851 1577
77318 1552
27615 1366
94839 1149
89823 455
87953 1762
13669 1806
68611 1317
48918 276
30904 868
99759 166
37172 456
79882 810
94983 1650
39656 1691
55783 874
21304 694
3143 159
88155 1141
60141 806
58714 1186
58787 408
35187 390
89310 948
40987 133
55634 920
37257 1524
67187 1703
11861 1696
21061 1675
67038 1853
75371 1000
20214 1005
5539 1102
31237 258
76101 900
93691 1949
43123 1686
73951 830
43649 278
68248 1500
50488 197
97614 1154
4938 947
37399 138
33206 475
95474 932
20652 1307
57019 818
49003 1165
15813 1549
65214 114
35243 1702
2154 182
11155 883
51984 419
99884 52
85092 395
25038 1303
10496 1157
10873 1054
49998 1386
11201 1118
50520 28
75543 426
11353 749
20221 1176
38044 764
27317 1207
40442 907
38866 946
95981 1332
88393 1164
44140 1923
26550 525
83125 890
98188 353
58185 819
43931 135
36124 1129
59730 1606
48352 678
22303 976
12030 1657
38505 1275
23009 685
14877 713
26957 1499
59912 1085
50473 219
59304 123
98979 1106
73346 1265
34963 15
46052 1886
4381 116
15362 167
97724 128
55480 1959
59927 833
56249 1963
71138 59
25866 1791
99162 1444
35855 405
85131 476
22373 23
79439 92
79890 732
17732 261
48821 370
25470 300
63238 1532
94978 1255
33869 1300
99635 144
61613 1300
83417 999
53563 219
98825 1495
10577 254
46253 1573
27335 227
2048 1932
72846 1136
90817 832
63081 1640
2108 505
27892 1656
4246 1592
51804 638
54255 1501
44168 1837
33026 1547
94803 1621
86053 1715
50545 1214
60018 286
13421 678
83658 750
25350 100
77670 183
37604 717
85563 794
95324 1808
45260 947
3723 310
45083 438
89005 1886
8212 348
27428 1796
51503 1385
90059 509
89596 563
50367 1823
18863 225
37337 1943
47145 1952
3414 1688
50424 368
10342 486
37068 1365
18959 141
70071 1767
86312 1409
47379 707
15266 1372
79424 1452
38979 1477
30342 270
39680 928
81315 81
84887 24
1581 1178
45028 1407
21210 1549
1754 157
53235 594
26645 1173
24959 298
60116 556
31243 1861
20143 775
81239 584
58885 1419
17070 820
53638 580
68279 1969
24017 1435
41318 182
13087 1322
10269 496
9921 724
27167 47
388 1435
35484 1305
30938 1301
45596 1311
80811 1145
53837 1057
16956 891
84105 569
16665 331
20736 908
62486 648
69627 1284
21739 167
69171 466
79430 560
85752 558
34663 552
38083 1450
29021 1958
7258 361
60573 53
99332 1228
15028 1577
56190 404
82582 1363
4349 253
77690 1964
53596 1611
42886 278
66109 1360
34679 42
20660 932
80199 879
19173 1106
60057 326
31668 88
52123 1191
24297 322
59186 1709
17025 1881
36037 674
65769 1452
36500 1923
22180 184
41327 361
15918 276
84710 1481
25981 1546
28338 783
78397 1856
9123 1835
50512 1236
45747 1035
28304 1193
75948 340
62460 834
87475 236
240 142
16105 406
59664 717
682 683
31580 778
11092 228
33433 436
88207 553
73970 1713
71408 1603
48110 1837
55901 306
85357 539
13083 759
96094 1396
29898 434
96031 499
58039 102
17610 276
28154 76
60810 622
5574 1701
31758 468
82051 1060
34365 1659
95954 1870
77517 1144
63943 260
96903 685
64203 1504
33164 135
53112 459
53447 1060
33018 1356
49498 1614
97337 1893
71353 1572
74737 1504
86571 1107
54994 494
7134 1106
14505 291
40741 862
91799 1408
99967 282
86627 1748
92325 45
25647 235
25146 1079
14403 1960
85291 1351
90366 17
80598 497
92839 1221
3506 778
41237 315
92541 206
17945 1205
72779 1869
62367 890
27902 1204
10441 1631
3200 1570
25324 494
91178 804
83979 827
17932 1658
71768 784
3426 275
68956 1590
29236 1995
21260 1451
13408 593
58503 42
65752 1096
30101 1339
38173 1400
11341 511
41988 1292
56519 396
87029 1044
60159 534
25994 1209
92821 1898
14430 1011
80428 233
3439 1908
324 1389
2566 1952
25247 1203
63229 1497
54635 92
75450 786
8161 267
23361 274
65953 983
19732 629
50377 1281
85066 699
65958 1498
48675 977
98839 1044
25079 1244
77216 1371
62600 1292
28078 447
13917 311
43880 703
79760 1071
5358 1281
41544 1894
88776 1468
47906 1940
11435 37
47688 415
30988 977
2424 1648
58154 1246
14210 1523
71579 114
36039 113
47479 1714
52182 927
42386 1490
71917 1598
1003 685
93575 1201
62239 739
53342 994
88694 938
5624 1656
62293 578
380 132
93222 1049
27256 1091
78224 1844
41073 1483
46759 609
81605 1649
70832 1603
67601 41
35123 463
42098 248
37843 37
19696 1865
93307 535
41287 1723
25682 90
90624 598
15135 908
58281 661
6371 886
6843 1369
18183 1201
68128 1496
40341 1592
6777 1119
72562 475
37704 1666
53100 1087
46115 174
76462 822
54570 1129
7539 1190
12731 11
6629 917
43452 1866
20440 1703
69364 1502
9644 1823
11608 1952
48831 1803
45843 1080
14589 1290
21169 1886
41840 1588
37932 1277
13260 592
65853 1830
73553 470
64661 1613
28094 709
22074 644
16496 1676
67859 527
52517 277
9541 1516
49213 523
83605 133
87628 1744
83035 1296
22957 1082
22967 1724
25089 1478
94171 1551
46343 1806
66985 1131
3782 429
35295 954
44784 1994
32984 1445
64831 22
18151 487
31039 1711
22317 1905
69394 1476
12418 1003
19189 1131
9340 1103
38316 490
28516 283
66345 1260
26241 996
52400 366
25663 24
73751 465
69777 1204
43506 189
58657 1565
85768 1738
11854 1454
35191 619
55958 1321
57270 1048
70726 460
30659 675
11679 119
57037 1114
18788 606
51494 409
62230 1474
24 367
20626 960
35592 290
74573 1410
20419 1681
55726 494
75086 1727
9786 953
75391 653
45094 1441
10931 1639
10105 705
84921 1173
33239 366
4046 1475
78633 1015
39950 459
98592 1515
61748 796
3223 601
88835 1297
84088 1209
31993 512
37868 465
33066 563
96924 1319
29570 1231
9185 1087
572 156
90681 1894
71706 1833
88180 4
39290 1448
75700 1358
93387 1212
28110 1477
1016 712
64982 739
10606 1665
39413 823
13391 503
55228 1824
62557 557
90980 698
79828 1308
88795 1504
10914 1505
27407 351
78121 464
20080 1456
60866 1149
1323 1343
47999 898
61570 703
12517 265
96016 134
97140 520
16533 1359
7095 1989
6177 1371
88078 852
26639 1469
69610 1698
16582 1274
96166 103
18056 839
91579 616
27846 1284
30446 1402
21014 814
39255 1254
57893 1630
17938 234
11132 250
61320 862
28481 663
73368 769
52039 19
43468 711
83468 1798
88610 1524
91040 137
11243 1171
19248 1949
98596 290
99765 1856
32796 133
73843 234
12988 250
13324 997
36727 24
73146 1861
91674 1911
72225 494
47436 437
27930 1399
23831 129
37227 1392
91995 561
57560 1188
52461 693
17046 231
40296 1448
51035 222
17535 655
91197 823
25977 1209
20560 698
27611 578
50160 844
81432 1508
95426 1408
67641 42
67663 388
18357 418
63264 1602
26023 596
49468 96
53923 1803
26418 1888
12533 1051
22244 624
43342 1802
49954 1800
37723 1790
98103 15
55107 847
6459 167
83292 6
26210 803
37790 1527
87492 1121
32333 394
72708 1650
66974 980
66777 1829
26887 238
12522 73
20524 1588
10279 1247
3861 1078
37246 1854
80393 163
84383 1389
91746 836
17929 1838
95812 1275
80936 206
4848 1002
81805 294
2687 1243
75215 1093
82019 552
43006 620
17604 645
47207 207
47353 173
31854 705
11037 1166
68215 1651
53640 1845
82630 1643
71267 1593
72864 446
37570 1285
61384 1094
14696 568
77142 846
99270 31
68111 148
69168 1334
69000 399
84481 1765
3973 25
82484 1360
34918 1333
54506 930
41855 1813
46064 1080
50056 35
62533 1911
8436 1071
67501 1725
14415 1504
12195 954
82509 29
56678 132
15125 514
99641 1036
16244 1575
74888 1568
91757 1459
95632 443
32572 774
16776 987
47492 1876
15222 1593
59942 540
99833 197
19670 179
12223 318
26632 476
97888 1360
37065 1374
67701 1453
39086 1036
47583 1445
85547 1308
36142 630
76900 606
54620 1206
18177 1323
65765 1540
50974 1515
97049 1197
3635 31
62185 1038
3102 430
31109 1990
34584 264
93702 1072
60489 728
3786 1046
90016 904
87176 1257
50820 1017
93243 429
45296 450
95837 590
3018 1449
77530 1083
65586 80
97336 1518
96808 1735
47323 932
24555 1144
12675 498
8328 1203
26090 1283
68164 1789
3281 73
29340 1129
95547 13
40730 531
89272 155
57600 296
26893 1144
34137 699
61982 1715
89862 822
97546 1927
87234 1887
98799 1813
79948 1814
72464 1311
1502 303
92904 992
1534 254
41717 954
27927 694
5651 1334
15105 1966
7001 1531
31043 1992
34882 936
65500 830
59413 843
85450 1213
24096 1271
56729 508
72008 1316
81552 1027
95728 779
74054 193
57841 285
9393 1816
25134 2000
87258 1273
14145 1483
23569 846
95069 476
17435 977
76223 390
28608 1546
8666 426
72724 1334
89031 91
37839 1202
77818 477
82604 123
51066 772
290 570
22580 307
80889 1025
83740 965
20787 222
28958 1623
19650 1477
44124 1342
14767 1948
25301 754
8465 430
72684 1891
41185 123
63068 562
17819 1055
67291 684
34389 132
86508 1750
41682 1127
75053 90
57512 1561
69872 1952
56908 1007
42382 302
16026 869
24831 925
52433 1398
36726 157
70343 802
62869 233
5801 1427
20047 1815
32439 333
59479 1745
34087 1559
99001 1696
73084 1460
36370 1577
60417 1514
70665 290
815 1526
86373 1407
43215 276
36815 1131
79092 1208
65661 1320
79592 1326
3486 1804
54431 1949
54021 1386
73882 639
69970 6
94739 1696
567 1572
28344 248
96440 979
13357 957
82282 1300
34056 591
25926 379
68253 713
349 1332
27457 1128
53006 1286
43926 81
48302 1597
48531 124
89341 490
90605 1950
9163 1307
56298 1309
21247 1956
1012 1396
21013 1600
85657 289
27818 311
53534 83
65531 1828
61461 124
74049 1652
50934 810
20453 1589
10384 1020
6492 672
659 1518
2488 795
38778 921
14454 648
1267 1266
57254 1242
29401 849
95057 862
13189 209
87730 279
40016 657
58650 1666
51902 986
95956 1339
21546 577
30839 1617
54505 1739
28740 1849
46914 88
7575 47
74253 851
71127 1691
99278 864
73291 1384
23197 1927
47536 342
75748 1580
62308 1356
334 1722
72952 663
91918 1676
8309 350
94821 1585
46128 467
40718 732
87171 874
68884 1127
52128 1253
8962 1169
5176 1617
15514 1248
1211 249
51992 911
54627 374
31703 689
51218 1058
38450 188
8028 1866
18205 1475
77972 372
77580 1095
44577 489
81118 682
37243 1937
80018 832
71057 1583
31571 479
90262 1578
92283 1379
21436 1309
90660 829
46763 176
70151 1478
8667 1149
10059 1267
53165 621
7368 1271
86088 125
87186 1710
17477 1237
40951 676
71751 1652
32124 202
43387 239
26690 1797
54374 1592
1042 364
56099 583
65831 1405
38221 1695
31171 393
63407 611
88632 1181
73631 1942
81834 541
84212 523
37922 1449
87392 1842
59910 1334
11999 462
54127 746
18101 1009
1918 244
82437 504
21693 1682
18209 700
68072 759
85521 587
60722 624
81978 1321
28165 1960
21411 229
36584 373
46181 870
30927 242
73493 1809
22537 382
67163 1732
63481 520
15399 705
86755 483
52249 744
11508 1111
72610 1540
98255 1537
17174 727
67351 101
32978 1346
83173 907
85261 1655
8521 1088
9708 1497
91618 1503
58416 1473
34151 355
85073 1728
45826 659
93290 62
95759 668
35178 930
45631 954
26360 1560
72473 22
68699 1126
68790 343
98341 1474
41526 938
39058 1208
95089 527
47611 880
25568 1977
54334 785
1262 704
64025 1184
56999 162
83269 46
12956 1714
79936 79
16994 332
39104 1655
21711 447
69232 162
52070 12
85404 1481
60852 386
32478 1133
27775 1959
46023 212
95116 901
71166 41
99786 364
79786 1829
1714 1748
33550 886
64798 634
59013 699
27227 1229
7546 637
78392 635
77000 736
42825 1976
5224 554
79376 1243
62823 409
80971 1298
43482 1583
7991 1497
77248 160
30431 1566
10104 261
19075 1780
78459 658
10895 59
32792 1443
51288 54
12992 1267
21081 1707
78987 384
75611 858
50711 1500
85104 158
23116 82
39721 709
39657 1399
14917 750
55689 659
9339 1022
24253 1964
16254 1376
77350 1717
37281 1847
24949 215
71292 1691
25068 125
71000 491
61754 1482
47375 266
24796 829
92999 1175
9751 1920
45592 1328
13318 821
9723 915
15170 798
26594 495
82550 546
61296 1799
4294 1435
96466 166
76560 697
52752 633
68675 26
94209 354
22461 1057
68862 536
84342 1432
74670 1475
80200 1982
29897 720
69372 661
67629 1703
6541 641
14934 1813
8581 421
36935 632
64828 57
38975 362
32008 495
76660 64
4689 820
18720 1227
32905 1014
91361 1124
9446 1374
41202 411
17567 376
3409 396
39997 1183
32069 919
82859 1984
51841 1945
66209 1099
56111 1401
30794 889
23654 1610
85429 1378
230 1682
10284 709
76524 1320
7330 545
49600 431
22259 61
79082 12
11865 488
24069 1967
68603 109
45301 1650
11646 837
10680 1930
76401 1759
81480 1276
77081 730
90091 744
92336 441
72803 1164
71727 519
68020 371
23630 211
68748 281
77440 1937
7363 1369
18544 728
69442 834
45923 1910
93955 1576
93066 67
46701 390
70854 1253
27451 1562
61450 798
64850 1958
90656 1678
7075 1026
55812 417
40540 1862
80112 1582
84223 1500
57472 453
33024 1202
68983 1148
35137 632
41253 1219
32741 1911
59915 1092
20064 1566
42758 59
63635 261
11015 1260
16234 333
47980 1100
99965 175
44862 411
46087 862
97807 890
38956 1369
73194 1588
84863 166
15366 1439
72576 653
75982 1263
99085 1693
65038 129
40723 1547
50002 1012
58937 60
59123 1777
1604 233
1495 118
92726 357
66939 867
45 516
98850 711
88033 1227
42997 157
36945 854
95730 990
26644 10
90561 1965
12197 1088
41693 703
70012 1464
90733 1862
44890 1888
90147 910
88343 1377
19590 839
29423 1607
50776 1218
83674 732
9427 164
42421 271
4700 1133
52963 1133
17785 1224
83341 793
27976 725
73071 169
31744 1555
46750 183
70246 1956
3360 1459
33759 383
87779 838
13611 1219
21251 1540
15094 322
11576 191
16046 839
78488 913
79124 1853
67244 725
5145 1910
12573 566
85457 1530
66445 1971
17559 86
31795 2
48062 524
42007 398
24833 105
94938 100
57310 1167
20764 106
27184 774
8235 1248
60521 675
73864 194
19486 1582
81133 967
96513 269
20125 475
91869 1069
81909 1609
63924 1421
13527 323
81337 1960
65238 919
10856 1913
19636 1222
62998 1018
11356 1279
22817 1354
46664 1636
18645 1579
43655 837
47453 1071
13788 1213
89461 353
80233 253
80637 1707
44541 119
92293 1102
54607 657
35917 1390
5491 1982
44463 599
47881 1945
72552 47
96112 1412
55638 772
36016 1360
49310 62
75828 227
57624 1691
2565 1374
61416 75
77328 1431
17189 695
30227 1855
39697 578
74824 1037
96785 978
29276 225
38317 1340
90571 1059
52630 999
56021 1124
81177 326
83932 846
836 1347
92272 547
86787 1386
51166 474
69996 244
73375 820
32052 869
85366 1134
71034 1388
99392 1555
61738 715
22185 1977
44624 1685
49306 1165
79606 1852
52159 1858
85202 1636
4036 1232
57222 553
89767 927
81293 1969
50846 10
22578 321
80222 1961
17147 689
12377 1650
21319 861
48047 204
17089 875
77695 1146
11694 1846
94319 232
47588 1859
7225 1280
9873 19
84226 1952
45319 697
69927 761
68244 386
43264 1737
13808 1806
80081 1993
75924 1385
88308 550
10506 477
39824 249
74474 451
23217 1472
76456 667
5483 35
30147 1882
86493 1368
90797 961
61697 1508
83950 1893
14463 318
1045 663
50578 927
28703 496
66311 390
83062 481
76253 1322
50826 31
62193 306
99639 282
37250 1223
68023 1958
73117 1247
10476 1567
32161 561
89274 1903
96284 1372
54043 634
97709 1331
86760 1347
15045 626
33283 174
78059 1038
51890 1273
94724 1087
58290 337
28402 648
91775 1318
87306 1698
75126 1020
88087 1839
23694 1258
81307 1722
49024 1180
73618 1363
77553 165
20980 1632
94170 748
73411 1648
64262 529
80648 92
50295 1635
82946 990
11519 1690
63114 744
67157 548
46676 1077
85686 1544
6796 1067
36783 1201
38489 1752
32319 1245
17810 1798
86138 1894
54424 1239
60919 706
43836 1266
93149 654
90853 426
60507 663
22299 581
87489 422
43954 1484
84446 883
51562 1610
7235 97
9420 445
53574 467
9209 1134
55978 1460
41448 340
10100 180
67261 967
4450 1236
99956 1660
70823 819
97868 1709
51965 1114
94386 1432
92225 1766
11358 665
77399 171
65092 405
8709 1875
53644 1234
42498 807
92765 1280
76201 1272
2017 262
61504 125
89217 1161
70191 929
2366 1953
93554 1375
45082 515
74351 496
97935 261
62107 213
32328 647
25770 1506
55690 1828
71545 1785
43932 251
24386 346
73226 1670
38254 1068
80379 1316
66358 1434
78129 1924
94686 954
33122 620
59613 595
62444 685
98075 90
1139 1932
88585 798
10727 1487
84082 1276
92092 1829
72998 1484
67310 1980
32727 1475
71082 1935
62627 56
95588 1853
33880 802
62146 1655
82259 1820
77098 1647
18685 1754
92056 291
36808 918
34465 349
69723 1213
11313 982
62363 129
81418 1743
90673 1205
82665 519
81364 1038
75032 1254
15600 1168
66344 1699
98757 1680
61350 842
11273 344
95562 1382
55490 591
6445 88
93564 101
80013 1802
2208 1547
17931 322
71254 715
70952 914
81661 727
93123 1374
35188 525
68011 1016
17054 876
39771 379
31789 1796
28470 1915
95104 704
94810 413
87999 791
88391 1225
16693 14
62747 1879
9045 377
37576 1547
45351 379
33009 399
11653 40
56150 1249
47045 1344
81658 1488
46054 667
3729 1620
52928 1381
4776 229
82216 594
36792 722
68995 635
62780 300
8148 872
54430 1470
60738 1088
56219 77
13102 888
22241 284
90595 1909
61988 1215
63371 642
47153 1254
37768 1225
87803 1308
56482 531
48544 553
94987 1
3359 1233
47333 1665
69397 278
42664 141
95225 199
62794 585
8262 212
51777 1355
87903 289
11179 972
29365 1231
75208 456
45362 320
85153 1786
52947 1150
69160 1174
98728 4
69367 145
57848 1759
64130 1600
3795 458
53536 1885
69539 467
40089 1107
48858 1170
79315 1034
14195 1543
12345 317
60743 1109
78626 512
46931 1832
26124 796
3667 907
49465 819
95341 1043
96798 1556
83854 95
25209 284
4488 1138
57723 1616
47824 534
32044 216
82876 1105
47947 394
84768 335
62446 50
25987 1285
65019 358
67834 1967
71328 942
48432 1315
42379 287
88559 353
62938 105
59579 103
46254 1641
45197 209
72638 1140
67564 470
10762 1820
52275 1101
89325 1046
99668 1329
39875 362
20959 38
40181 1702
21358 905
20805 678
80421 1598
19481 148
36858 372
24554 1246
62481 1096
3367 1064
95413 342
27680 1665
77916 1502
16331 1215
88964 670
81085 707
29140 400
45606 688
38675 1635
48799 963
60719 603
15308 1362
12299 528
80493 70
69088 717
51225 71
31390 1878
35907 1522
18909 1573
77125 1260
24762 357
42221 213
55905 682
64032 555
26196 1872
46640 125
25367 1858
30156 1357
41069 1272
27362 404
43112 1029
44741 854
56441 1007
54088 496
23963 1346
35671 1199
96848 1679
47309 1433
2743 1577
34427 1361
72859 210
59447 662
80518 774
34890 1594
69475 920
94962 711
33304 1966
23589 516
34729 580
72403 1344
40851 105
13214 117
31541 1130
89980 1136
10601 221
50944 678
54286 995
78220 1814
90114 1301
85701 1843
86827 1820
21906 923
784 1210
93251 449
13039 896
81749 578
86791 819
67398 1517
27073 1510
65064 527
47720 258
22801 744
15178 1927
93865 1463
84900 1523
96883 1658
24768 1164
68356 1705
24273 111
35116 1044
37860 1058
28554 1725
64034 1359
34803 608
84611 943
97650 215
5522 1861
98614 824
52773 933
79789 1692
19183 88
82008 1166
39525 892
12774 782
23674 722
1411 1185
18890 1974
56934 421
58598 471
74306 337
8594 1591
69401 225
2496 460
8152 914
69690 329
1371 1544
82405 1322
35493 540
42029 851
70510 897
38260 1385
60966 891
4420 570
17812 908
36280 1213
12461 551
54595 465
39741 318
70156 1324
76482 1148
98216 1373
13168 138
22973 804
80941 639
62688 1842
56763 1273
7261 1098
63167 1470
5422 1279
12628 667
42310 1690
44566 688
84128 1041
55731 1685
13092 915
52114 1874
73827 1864
6978 642
2348 886
18255 902
82869 1358
13775 1632
4783 1187
41674 724
34839 899
81143 1554
53133 1524
9804 1450
42211 892
14556 787
30519 1963
44809 1510
78424 817
66198 1471
43173 194
98913 327
25822 1889
33797 539
86041 1495
15955 1577
4446 997
10781 1614
81570 1246
79113 221
74578 475
43129 776
12764 344
33175 904
89353 1449
88009 145
93527 1507
16215 1940
38143 457
71016 1323
76243 1330
90889 1157
68291 1122
67770 1006
33661 1743
15136 1104
79053 1668
8300 1059
83883 1046
41 1256
81075 373
71602 1562
55273 970
11655 903
86856 1181
26983 962
7237 1524
53407 1570
23527 1722
50704 1465
66885 526
65068 1277
4672 157
58783 1837
99926 111
48597 1882
39570 1272
88545 724
20992 349
42183 404
76307 83
8077 1168
67369 32
34601 1585
68624 1707
56236 1442
64190 1390
16103 1020
33844 1757
30660 1485
10689 766
7626 499
82293 602
29252 1095
58547 740
8330 983
70980 362
84270 713
8506 1111
72223 1004
48155 1770
27223 416
94377 1642
55166 984
81034 617
69891 894
34850 1812
72097 1822
3642 1996
81324 1260
68179 923
13438 1614
47210 733
81965 346
63972 994
16636 972
39822 1035
94804 820
81780 1126
22776 219
24865 1402
7029 1038
75360 373
61841 530
86247 460
52022 1465
50410 89
9788 1921
44377 823
9325 1778
87214 1526
82258 1774
78473 1675
92652 1692
60928 380
99466 1588
73616 1114
93873 404
51407 1757
92292 529
81637 1830
62029 4
91948 1474
37284 1368
95874 1309
42406 791
87516 472
58981 910
52068 1328
11836 788
80391 1476
9656 1834
86155 303
94933 1860
76214 1943
54545 1928
1076 1083
73850 343
65649 114
13417 988
88780 924
8100 141
18420 1395
9660 1641
36964 1884
43167 1263
65312 1170
9879 1163
70894 1347
27673 58
13878 276
77015 597
28688 1677
81993 980
23799 1684
37767 777
56687 1117
7112 789
37617 2
27169 1008
1719 326
28907 1447
16075 1565
46427 810
26228 894
47761 1303
86130 1593
61475 1154
74412 50
87308 818
97120 1579
30016 380
64107 1168
71177 1248
70602 1565
15461 736
39704 1671
77516 1063
16923 636
40425 1143
8728 1833
91457 1050
87042 51
19268 1887
91864 139
2606 1091
92774 335
24314 1129
24715 720
23423 687
89668 1674
8592 544
57193 735
25444 1420
32879 1517
70605 262
40480 882
77554 929
47505 512
32050 285
61063 927
47613 962
6824 1362
12420 1608
2490 672
57130 1406
44760 1200
81270 1060
90160 1447
16656 1600
64782 1550
54712 1060
74591 1928
22896 212
63012 1619
6252 1627
86199 1470
48148 836
34766 134
64672 1143
28624 421
38182 971
76795 1164
42116 1188
39119 1658
47820 1910
96287 672
10497 755
32345 916
70300 1252
67757 400
89644 1675
47767 1881
4009 65
92016 1489
26758 1891
21221 1886
53119 1986
8524 1846
31335 1660
81037 1573
38387 1476
42319 681
50250 1889
48887 1005
64812 1800
29574 708
95554 1876
91132 309
41669 284
15870 322
41293 1190
6672 429
384 1548
79733 970
948 955
73861 1699
62222 1917
89226 1536
85561 883
40261 525
80413 209
87515 1100
56760 886
74425 1909
26350 170
30017 1268
278 1115
50189 1532
4099 1635
15295 1831
1616 439
6866 956
13733 922
84658 888
82643 698
80108 1824
70982 270
92409 1786
21714 1390
37383 1067
34000 1496
64995 541
46078 258
44569 762
56017 772
38801 1919
26832 1185
78236 843
48657 1582
41643 1780
82396 1336
72035 174
2175 521
66588 1723
325 190
40512 162
51274 481
53317 640
1041 1792
25062 699
5686 1717
94421 1641
14548 1334
25790 52
8357 39
77839 1339
56010 1641
61312 998
27070 1427
61859 1230
34066 321
59078 1404
77954 1027
5739 62
9505 1745
78774 817
28523 515
36324 1419
4068 1646
4879 616
52083 770
36417 1183
8778 205
44084 132
44919 958
47239 717
54779 21
19792 362
31649 1466
22850 1246
75519 1053
27226 428
73795 1160
76503 1193
71594 1433
73405 909
80998 257
89579 384
86826 496
20286 14
66378 1198
30259 1911
16961 235
52283 1765
41913 110
70903 1712
22148 945
18839 54
2593 1993
59061 869
34567 899
35856 1943
17619 717
85375 105
15253 5
17299 687
65309 1130
30580 689
87840 204
50496 1870
33370 1467
22194 322
77919 385
45125 738
27103 638
78393 1081
64311 1711
39819 406
33693 903
39228 1563
91401 432
63666 1160
39912 1478
35427 800
60258 456
14804 1193
23642 903
55761 168
78285 331
34104 1475
99669 664
22446 862
44343 1769
48132 1935
96841 1673
85715 967
36136 147
48091 458
22620 973
75784 343
36768 209
18927 14
36401 386
9502 308
68618 85
89542 775
18638 1151
35804 1460
45535 41
14367 774
44845 1332
10348 976
32947 302
49159 1297
36138 1783
67328 190
47278 784
95643 1027
97680 659
42833 1098
64015 1522
65114 1090
2259 599
63449 920
98712 1251
1020 1154
73171 179
56777 1711
25184 121
43642 595
57251 1825
4251 556
19353 1948
62249 1011
83638 1052
13533 708
41823 561
59109 470
89518 1062
88998 702
68814 713
94405 215
47591 810
37859 1266
90045 1593
48686 1922
52604 890
35738 1359
70869 1875
27838 645
67010 1018
96565 1420
9647 1231
26464 1061
38529 845
54351 756
52199 1392
34586 86
95480 510
60724 592
31190 1258
34179 1449
33088 141
41791 400
8585 1686
36301 1004
73683 1715
51342 1252
85915 666
70259 1561
58449 1143
92088 1002
90548 752
34119 1968
44066 602
75236 1394
47604 449
48971 570
50566 1362
9380 134
83207 1209
64827 208
74793 604
89574 1434
3991 955
66919 1390
51193 227
43990 1623
86975 697
96399 1465
33245 657
86226 794
11078 1331
7754 1100
3683 508
49968 1987
86877 1848
54749 168
76668 904
7506 573
12947 1427
29105 1018
53586 1280
97967 1824
23899 1086
9183 257
60768 1157
35693 395
74424 1243
83004 27
79052 1540
75959 522
3311 534
4576 995
95662 979
72108 102
70183 1692
4975 675
5416 1070
29947 411
54370 204
81875 1056
44893 215
71372 1886
60429 1448
7033 1820
16073 485
79236 1872
97435 1391
27110 1812
57591 1760
3274 1578
50624 1515
20485 1923
41233 629
97516 1546
37067 650
9228 205
17294 1883
15208 55
57520 1120
14708 1163
47724 598
88368 1214
74899 1511
23955 856
57390 871
10393 710
47525 328
34657 1635
29065 725
1650 1332
67886 1199
79204 321
87461 1600
6003 1880
48902 1816
10853 51
69278 1067
35877 1350
20386 1656
20270 1228
53466 259
78090 1505
97668 664
74614 475
64796 1441
81607 1731
15157 680
44142 1331
22972 1073
17341 41
35046 1847
31355 906
31593 348
18580 559
41764 561
82671 780
57547 102
74300 628
54793 1890
50896 1030
7955 1653
53154 895
88455 396
47833 397
60451 1964
58806 334
50091 61
65192 1622
73641 1826
58123 1778
75559 704
68780 320
26603 1739
15827 1471
61810 273
18441 1572
68840 586
89021 749
62379 735
13976 707
96726 849
11578 631
62900 1232
88750 1363
56032 841
72943 635
30548 1440
84793 1691
42757 1568
28334 1970
59843 1913
64396 549
98978 754
43102 879
26846 438
52981 87
62180 391
57784 1431
2697 68
27929 404
67503 595
83597 1874
2281 1025
38335 1740
60407 491
99105 227
66453 1908
29525 1185
5023 576
24229 1967
22976 780
68868 1376
85388 1387
70874 1797
86023 1686
13951 1151
58048 135
9694 1119
60030 983
78232 1502
51188 1756
46143 1598
90597 1499
93624 928
73884 359
68648 421
16440 1318
57259 1471
23647 732
71178 657
7431 1270
4169 1531
27019 1372
33487 1890
42538 1301
60173 203
70725 1501
53851 21
27230 1438
9742 568
11914 1483
48387 1822
62845 414
88509 632
87931 1440
46941 377
11855 1004
43643 1481
54279 318
74315 989
50307 1762
17558 396
92741 891
49322 358
70455 1708
7616 1678
85900 1046
89969 1437
90325 1512
55108 1254
56289 91
14076 1678
19165 1205
99245 506
59662 1949
31067 1089
19715 1175
18400 892
15095 822
25877 1666
21869 286
19065 230
83275 1194
55933 1409
33807 552
38274 1297
53962 1383
25746 681
66975 1345
84448 1547
21173 537
33112 486
79185 845
40863 1256
78870 1357
43881 115
8771 970
83259 985
81534 1746
40114 506
67961 592
31816 746
34004 1594
27229 1821
57992 1361
19869 727
20195 633
43876 1663
94136 982
84316 1394
9627 440
53183 1039
51862 905
92691 1521
21709 109
68280 806
84721 384
53900 875
49655 755
30430 1864
43731 704
77512 671
91069 1799
64520 1729
28673 437
72224 11
56892 453
8742 755
75638 1462
53297 1023
37121 243
75972 1136
78553 1039
45270 150
8333 1706
70868 548
90117 1060
10917 1800
19878 575
56457 1697
25323 543
6683 419
456 463
17464 1229
7299 630
79211 576
83161 949
20870 443
33235 1306
89238 297
90685 1944
55356 1831
70451 1161
82317 1670
51671 188
19657 881
45172 397
85156 675
63219 1762
18452 498
83034 1913
38939 1286
7533 471
52224 389
74025 375
93545 533
61487 750
52537 824
59631 1050
19882 1823
41310 595
29763 716
3934 153
35500 145
20953 1692
32402 1388
73875 1872
48830 531
73307 239
86806 1374
28922 1109
17252 1842
39355 763
18322 1651
10221 504
88908 1807
713 724
26126 661
31448 1565
82697 1049
22659 852
36102 1981
82778 1906
56718 518
47691 1878
8455 1390
63414 540
86986 566
56154 425
96917 1594
30943 1146
97373 345
66641 83
98497 1130
97613 188
90021 867
4825 1303
9628 369
78434 1950
94029 1986
47880 1255
13030 1302
73141 676
27378 1779
486 762
42609 1010
59699 1910
40849 1195
7436 1002
28406 1021
50439 650
92514 1383
5863 1558
13182 1480
17655 412
30060 835
37344 1648
11668 1655
57166 516
21343 56
57010 1
83187 589
51791 1677
27532 646
43053 1082
33108 1335
1923 1030
3500 590
77437 154
38520 115
34837 234
7345 648
70356 1443
39492 554
51619 28
97874 1734
43193 268
97017 1201
31439 974
89129 1009
39365 1374
27796 1200
49754 1590
43716 4
76622 1691
25796 1612
73447 1482
99959 1101
34691 971
15030 823
26567 755
27339 1095
39167 799
93515 1360
19888 1232
71425 252
82469 628
12119 943
9530 188
54511 1426
49875 107
6920 922
62562 1713
27608 505
12646 1511
81566 1827
15687 1488
25208 746
76904 1544
59586 1252
32774 1805
33454 1044
96554 495
25781 989
99224 1192
38788 813
49725 317
74227 134
81110 923
38994 1499
25415 1500
34668 1746
71721 1340
13007 1736
87547 77
86639 1632
18344 113
76592 1273
64778 23
97053 1276
65435 294
36896 1410
35928 892
17738 1022
59466 1450
36669 425
31834 110
10086 16
73187 1394
41452 486
57418 647
15237 65
63045 652
49782 10
28337 102
6358 1969
12183 646
21944 651
41784 275
93963 457
81764 1386
24659 1943
85627 1317
44922 76
29622 1445
75691 1219
3476 1849
67176 292
56276 1437
8343 1945
17597 317
56612 1167
56533 385
71962 1819
1049 360
66869 1473
39315 634
3720 1784
37870 666
46497 1623
59974 713
71499 1963
17237 734
79643 936
48840 683
48725 543
15828 1242
98408 221
10265 683
84773 1508
65359 414
67911 1393
79018 1823
39497 628
8396 1159
53675 750
64942 1887
56352 554
7132 493
40374 1952
73542 1424
61770 1562
26248 1150
8607 32
96920 1803
40194 968
71791 687
23744 320
75570 1872
61992 302
59739 1066
66172 1495
87034 95
30954 451
44597 711
74281 1704
47566 1667
99210 576
29810 1814
6557 1714
19505 44
96621 297
1514 901
20197 421
95146 1297
90815 523
26546 176
64858 244
61307 925
2170 1649
5581 1380
13382 1028
22060 818
33375 1661
88143 1801
29085 1062
2769 194
41115 231
73155 578
17289 1766
72958 1295
68368 1885
14979 1320
57448 1885
43176 314
36511 1459
82092 620
39658 1195
23395 1921
33107 161
72763 1798
7036 1067
81804 1851
5242 1034
63664 1422
77731 1747
27742 1142
63670 702
11165 1450
39817 767
53701 1662
8956 541
99338 578
97851 1577
56626 1190
90720 465
67076 156
63982 1967
75836 421
60481 822
17426 1363
36222 1298
67115 677
20702 1079
88165 1659
71155 1930
17788 1467
51246 1189
76717 386
24742 1977
56922 1403
53031 1225
64990 1250
47393 433
50900 1937
59076 853
42347 1641
71694 670
19313 309
82620 1464
52747 1426
35971 966
76119 1670
92146 1453
78484 1366
85713 168
37280 1776
36103 316
81474 344
25391 635
9985 1297
22697 176
34967 358
7490 191
23422 1158
93975 1462
68202 1292
17016 1323
77223 851
80839 469
41468 696
22475 1418
92701 949
27586 1067
71670 96
649 353
40914 469
43802 526
81964 1705
13062 1527
85880 1617
46657 1254
59695 550
49960 1001
54292 189
4774 1695
16959 1364
96670 1245
35973 695
65913 1222
75306 1833
14700 1800
80152 784
16588 188
30403 460
31445 1976
1059 1647
71869 1089
45442 1869
17216 90
7276 1599
49040 1229
42012 1118
44712 1204
17924 1996
76771 1222
37451 483
56085 560
58243 1890
59223 390
816 1786
34509 1191
90356 529
58791 1403
72620 1544
72077 871
57990 1660
3056 1796
9103 495
21634 1635
54705 1387
77869 1379
78511 426
13841 1282
61543 1401
44868 375
68421 1365
33832 527
36060 433
90940 744
78389 1221
93652 589
39640 1877
55022 821
20278 996
93158 23
53789 1657
834 1711
39282 732
10580 46
30804 1995
9940 18
78983 326
24597 1127
65876 338
6673 736
63311 813
31691 802
71158 1607
91362 522
16211 490
87213 1703
45714 816
38339 894
30543 466
80529 1220
40641 1313
7910 1243
21945 931
1943 811
95957 770
48414 656
94713 7
28425 1977
58439 1633
55109 820
42343 1587
94200 388
35670 230
27301 935
5666 787
75001 1243
32756 1255
74921 177
81808 1540
41777 933
76191 612
55169 897
34780 1268
44614 1529
11377 1125
74947 496
27995 670
92217 1760
58686 778
51908 147
16351 494
26445 1805
48591 1088
90864 198
24169 1267
1884 1582
52115 1481
69247 1554
67175 1561
34405 1163
66196 1484
5297 1057
66596 966
27987 1387
40575 578
82300 1646
18097 1541
22337 527
14478 1719
67401 1674
89168 1529
28563 227
87381 1316
38499 1205
23409 1278
95775 1371
26035 397
39524 773
36828 2000
513 114
98884 945
79913 1315
575 31
11135 982
53436 325
64235 1909
25676 657
84524 1181
33809 242
72140 1404
24798 1893
10216 297
43077 67
71460 1163
23615 1088
47473 877
14783 969
15254 1165
7798 589
5879 17
85059 1303
22371 1943
87957 1892
17772 729
36774 1778
16038 546
98798 541
16124 1600
31962 1317
1392 67
9032 756
87985 486
85580 1096
35062 1112
45326 298
97741 1013
77160 1235
97179 1331
31146 1773
5913 1922
62495 1840
47763 705
30958 25
45077 862
56497 1404
72601 877
56983 1311
66231 1126
77992 848
18693 455
61019 63
75051 908
38229 1175
55374 1871
33823 1990
79776 329
71391 1177
77390 1768
85659 1083
37795 1111
96822 1594
72694 808
50448 1611
2380 329
85187 1369
1014 1397
54548 1674
41591 705
26436 499
33956 1389
90308 1574
37589 658
95219 1107
8031 1203
79626 1088
32010 1947
88697 669
26213 1068
16126 1489
17803 615
92627 734
32403 451
20217 254
64028 1777
3519 257
77491 605
3697 1463
54406 1800
9283 607
32559 299
17363 290
98522 1108
39563 437
55216 129
51813 234
8060 1083
19728 672
46280 1074
31403 358
19778 1676
66229 789
84914 811
1251 1577
86794 752
86469 123
48790 605
53803 1581
67946 1337
77448 1010
28455 628
52595 881
18692 441
27520 1400
62887 1141
99928 1434
44673 849
31280 1877
937 770
27315 116
36918 781
94224 1701
57597 402
83455 1836
2119 2
75607 1500
6820 1824
58792 1040
29064 54
37127 409
69880 1710
18167 1754
74880 1106
40992 131
19218 1647
9994 602
78844 1164
79978 993
94017 243
40679 1434
9835 1246
34867 461
92191 1643
10213 603
70827 106
81917 1234
82574 183
17350 1051
42322 653
14752 1604
16914 265
59882 1678
75225 1661
85930 736
67836 434
69826 1111
51832 1361
26057 564
43161 201
39004 1841
7008 741
40620 1177
43562 1566
79602 931
8502 202
43596 1065
83210 1721
30442 1721
71436 1209
13900 1836
86562 452
85710 987
86318 1257
78039 1265
16441 483
53783 1222
53091 797
86525 661
84232 435
97124 481
79662 574
24304 1852
39788 874
34326 240
96099 663
63874 1511
47290 113
57976 918
44516 1810
36913 1478
44318 1254
29418 1990
30229 1443
94762 1120
47754 22
95384 1922
59658 1242
39362 533
42376 1920
51093 525
4 358
20788 1772
83808 1981
71799 1671
40665 629
18301 11
54455 1371
66156 277
838 1163
18831 593
98295 1523
46705 213
35894 1738
74741 1780
39288 143
36574 397
69239 1928
21351 1222
54395 496
53823 391
27166 1056
89063 1298
82703 316
38605 417
78947 715
1044 752
83460 398
2024 1794
73743 729
42225 128
69410 20
50068 1014
55313 1566
87300 1450
10771 1296
13334 1936
95724 1960
92046 1093
26279 172
86532 1426
34224 1798
68782 870
42748 1106
11315 1474
13789 1696
530 1963
32274 1385
36892 1870
65718 1134
789 1647
7475 272
22535 741
90226 1571
96154 1701
95244 1703
64223 685
81302 1836
43994 1388
4445 982
65929 1993
70424 1521
58816 602
90414 1340
78330 981
39572 1386
1839 628
36547 172
80312 106
22966 668
63618 606
5174 1961
20521 364
47324 1354
55411 1257
80280 1871
55613 1010
79518 366
87577 197
63749 1715
77581 905
97130 891
4456 1549
53110 1668
79810 639
47951 1789
24803 781
6018 1001
97011 933
13284 1504
78636 338
22603 34
89612 1545
5510 1533
25702 606
37912 1916
95761 1156
33298 104
31751 1923
76470 148
58631 1653
88294 489
26991 712
1911 1256
62753 23
68007 337
31042 1512
2390 204
69621 1696
47907 1500
58329 1671
60878 1743
32926 884
40866 880
96451 1146
37510 213
37772 1498
45059 313
44195 659
41572 872
39338 1885
32648 1869
328 1513
25993 1090
10009 147
91777 1723
25970 1610
6976 1183
16684 1636
70646 229
75253 772
21493 1390
92833 411
58735 489
58979 807
60946 1540
47861 831
75779 120
14559 338
80942 1800
88754 1434
42022 54
38202 1041
60591 1453
1272 959
83866 661
49615 480
31534 1339
49879 562
60364 1601
70877 974
75529 679
17305 1064
39825 1978
16450 5
20436 654
9154 1986
63597 588
92054 531
92130 1694
32680 58
70506 1850
38808 1283
45916 1563
50251 1149
58370 679
7589 1857
40580 841
79668 1993
97340 920
67385 1004
77060 66
14990 77
17995 868
37009 1266
20949 517
77388 1814
25186 1370
17858 22
95828 304
92767 665
96057 523
65080 904
77407 1924
91318 1194
48652 861
61860 1045
878 917
95678 191
14019 950
50572 292
68354 1513
74605 1790
18318 1193
32341 1949
83708 1334
61333 1222
56937 1443
42536 1731
43145 776
40804 273
94438 6
49459 1891
10140 245
90714 1247
48754 1212
884 431
87158 179
38701 1653
73507 493
78717 25
79847 548
52248 283
97793 1536
76378 1770
55493 1909
74255 1392
24921 1633
6565 1285
35230 1351
74875 306
38126 919
61431 1307
83893 121
24202 1400
23574 1575
95006 1425
53379 1766
47926 279
42561 1926
1579 1266
86989 1787
53794 1970
34783 1218
6671 1133
42661 1616
63123 1186
6415 116
1266 1686
97663 200
4384 723
72235 1348
56475 112
43745 21
17374 669
87704 1460
27323 1148
28157 193
76713 1117
93588 1248
72862 223
97231 824
46131 986
14487 1046
8035 232
11787 1634
81438 1519
7482 1099
29987 1030
29323 840
6291 915
40772 1791
80932 1483
13856 1482
70555 1773
48779 927
30814 1183
60087 1013
38651 183
98290 1115
83846 1256
63847 1029
11964 502
67806 832
54985 1576
45816 1354
1017 522
77085 52
50459 744
24868 1587
3339 423
18043 865
68984 1803
83822 436
26229 86
12147 751
10505 753
84669 271
47942 824
97839 104
95541 496
33328 1957
31622 918
41186 863
90724 1687
17733 1284
40907 1038
92587 568
80490 1353
45900 475
60175 1750
80181 1171
44207 68
4017 1179
97488 407
49756 212
76788 726
76157 1648
78053 693
83613 1370
70536 1236
87747 1710
82545 1137
4694 1044
24463 1062
49891 1439
41211 146
95925 837
8750 881
17811 1815
67333 1720
99178 343
35199 1117
45367 238
77636 200
44589 338
51262 304
47547 1078
7130 1353
72800 802
15160 253
42965 959
21199 717
38456 1005
89198 1847
16896 666
65954 75
85582 1065
10621 745
18267 1709
67530 1892
99564 994
13580 937
38498 1047
51639 700
97526 539
26216 1148
79442 1946
62118 1387
35142 1210
40061 1753
85213 1540
84245 739
45727 1405
60648 708
95237 245
79625 1575
15281 1093
92679 869
76530 1439
2910 1153
30542 850
20374 789
75171 623
72312 113
96908 1742
94529 185
31907 1996
34813 4
38720 1234
12650 864
71883 947
1423 1695
34314 1046
32678 1771
49651 1125
91665 284
85673 258
41303 1326
63936 1023
62455 1229
7886 121
36822 1428
47540 1163
54360 1133
87374 1762
27663 940
15889 232
6800 1135
3233 273
23265 737
84678 868
39574 854
19395 485
48670 1743
6818 884
71212 439
57373 1679
96667 782
93612 1710
54335 222
34654 1468
53736 438
60002 1476
51412 620
28732 1782
64808 1650
26861 65
86417 379
88476 1080
21638 1346
97454 231
57772 1185
22757 418
63586 779
37444 1403
2343 496
75097 1834
480 1870
14417 1186
69487 524
9036 1469
48770 819
51761 632
11733 566
64063 1371
52001 1058
80089 363
89046 566
83418 764
9486 711
21602 1848
51400 1587
80739 271
48315 1079
28998 1136
41167 1077
67656 1341
73004 1055
80088 1173
75145 1062
90617 1911
44091 1597
89929 1232
66471 898
19887 492
21537 1076
33687 356
46398 87
57740 1420
70578 351
13429 380
19524 322
26173 299
20160 253
68600 1939
22393 1132
42356 1439
73613 1759
42761 1849
78721 3
5583 248
11104 1142
34353 356
9418 1904
70681 1442
82987 1448
97161 568
69465 866
3860 1507
81498 1157
15390 1780
85338 563
81972 1477
51416 1648
56361 1981
19885 1680
34695 1256
46756 236
19974 1326
21015 576
91271 442
8316 92
66852 1614
41753 1273
17244 406
40997 1365
2819 1517
78718 1487
80866 630
73466 1491
9955 1346
72511 821
98916 1591
73953 1896
65852 533
64687 356
7494 1658
20755 449
72596 246
66719 514
5460 591
18687 1324
33229 989
77829 93
60278 812
29285 1591
61331 1743
74393 994
81471 305
79761 844
45176 747
66752 1918
6107 1850
26077 735
90302 1124
96750 1339
25785 855
32868 1058
67227 290
49114 784
29662 1648
43965 1040
1808 441
90057 816
6716 763
85531 1104
46062 445
39810 1456
40042 552
68870 1286
13801 343
8696 1122
18800 1198
1924 1202
97059 1452
48089 109
82685 914
96613 807
38419 760
37328 253
13446 1982
66045 1420
30545 556
68757 778
28887 1620
32384 167
2487 769
48016 1358
35014 1239
46235 872
36007 1989
99805 1091
11317 32
56708 216
86855 1750
52409 472
21847 258
6732 274
7919 1385
58876 59
74465 1778
21697 420
61138 971
51938 1478
93325 1188
46882 1831
93303 414
75829 544
44233 562
23920 491
64898 820
37199 1974
47669 1142
26627 729
2271 1054
12449 1451
14597 1525
87788 1797
21900 213
67209 1763
96482 564
92163 1166
84394 902
88606 1679
45408 1384
16312 1059
92524 1212
33083 1282
91911 1534
25740 1728
62719 842
35551 1985
68939 1919
37812 404
89902 345
17541 463
86381 1541
23571 1325
61260 1382
92182 377
13708 1859
8697 1168
53612 1758
65367 647
71339 321
72503 297
13449 617
74783 1292
54755 70
24352 1795
78033 1545
25818 675
42502 210
24461 18
53463 85
22754 95
28682 980
3648 1170
21467 1975
46368 216
98885 976
17481 1137
49937 1029
33998 1536
28935 1804
30810 1947
20995 991
75780 240
27482 1035
65408 1413
80931 1919
24091 942
75389 1343
90259 1687
81258 1501
82877 615
87198 273
68883 1604
40123 569
46717 540
7651 819
89584 1660
45996 647
25941 680
42859 1543
24233 509
30899 473
2741 1427
3099 1412
59054 1645
7426 213
20186 1442
59822 1154
62116 127
6277 1672
69818 768
45848 1979
40179 546
64159 277
86890 1019
66561 1785
25904 1755
96529 1741
30779 287
51471 723
30838 777
96748 924
12033 1465
22748 1166
23782 750
11387 1541
59646 1597
31009 299
78052 21
81915 179
50910 646
26003 238
34377 216
33701 536
55991 1660
8752 266
66812 1747
32860 394
81591 1059
69479 1303
53666 1313
68706 221
54962 6
3358 1418
20190 1947
20824 772
17794 110
98459 235
23844 629
24217 1484
65496 587
64549 221
62619 989
45528 1629
87548 1310
5633 1471
63703 1283
21822 103
67831 887
39608 1053
79431 1980
96191 1770
54441 837
32608 1363
36038 1643
36731 1267
57808 1886
87359 1816
56324 1151
56853 463
79804 1997
55205 1603
16865 1520
7768 1880
57332 1771
66392 249
27144 726
97688 22
31538 636
42599 402
59693 1361
11584 506
26748 515
21853 1646
87168 669
28350 1644
79395 930
67281 1997
63679 113
89575 1867
55159 387
85855 1140
10169 1513
49232 356
19274 500
14266 1623
13364 498
80470 1483
26825 41
98159 1049
60420 1744
93941 821
9204 1783
97925 300
65165 1286
31709 1617
84725 705
67256 401
19691 1815
18413 704
86440 370
94523 58
42521 957
4578 340
3872 634
14194 940
94258 1943
2880 1940
87280 1902
17049 130
29583 639
62413 1706
27228 5
45371 839
79831 548
57909 1676
67928 519
64345 1665
24662 1841
87291 243
23785 1148
98607 420
14931 1425
7929 1824
5618 1860
35873 813
18731 398
28458 1369
6793 1583
24321 1401
76372 1752
59824 1386
37928 1625
26471 422
26737 1087
21133 1566
58158 1853
3719 240
61507 479
86985 705
3074 1997
18960 25
95845 701
76330 1188
51294 1233
52632 188
64787 1055
85380 275
1807 1757
76835 1150
27565 1133
23410 574
82247 452
55404 1769
92830 1829
79188 1487
99314 1666
58865 513
23209 298
57573 1310
11449 603
64061 33
65233 120
81439 120
10422 1861
3479 1114
34958 719
35541 1302
94823 618
26025 833
51488 1775
6387 138
88426 1175
1343 1628
45689 1950
59083 1409
83084 143
51131 635
17690 1189
15541 780
44535 1114
78421 414
42273 125
22050 1604
77474 1942
3877 1552
92267 171
89284 1303
7230 1026
12271 1733
59427 1953
89434 396
58076 765
86025 1962
3126 722
10138 1184
28407 1172
73914 1175
57060 111
43151 192
75082 96
34997 452
5281 1733
39218 1279
26273 197
58137 1396
23960 1245
99419 1117
23747 304
64738 517
57564 51
90409 240
61637 1505
63443 1419
10401 891
75883 306
47302 306
76608 1564
49708 1084
69445 1890
48221 496
24042 350
28641 1955
96364 84
83319 1966
25157 937
28645 918
84248 1148
17063 435
47025 1735
745 1293
72321 1250
98171 1034
63423 889
45293 431
38496 239
25064 7
44462 1892
58760 1771
53731 991
1338 743
248 812
20858 1911
49832 1783
22070 440
1466 1696
87151 1362
33340 1039
74299 409
41412 850
41353 1810
24786 810
67715 1785
5665 761
13656 1565
93736 1258
24794 201
66119 409
85313 34
61943 451
10937 711
37270 1822
54329 1712
18498 315
10921 356
38508 674
40845 417
72761 1073
97833 696
8596 555
53547 1501
18669 1619
27528 292
54047 1773
50078 225
95079 656
23534 541
81593 819
77372 41
32089 1103
37415 353
29710 1941
10826 846
30928 1233
75723 1648
27463 600
18016 1094
41474 1750
93416 1882
54077 231
32627 1822
25403 998
53506 1583
73479 1912
60990 1167
38904 986
74538 23
16777 628
66019 629
40036 1684
39860 36
73455 1534
90760 1272
61934 1670
2299 291
11229 523
18825 1865
79818 571
7250 284
78182 1804
47191 198
9672 684
12670 928
5554 417
21903 1984
54888 711
27325 975
29516 1361
6815 1928
70669 1859
77164 1557
16509 1720
67336 1826
37142 661
32762 629
40584 504
15845 1189
41126 1882
66918 1719
52746 995
73739 1299
5116 1997
38870 1649
21830 1248
38583 1340
90942 1706
28475 1769
72794 1944
40810 984
42032 179
3408 1383
50524 1670
73608 1308
94545 1508
72337 1153
45387 1342
98192 1361
96155 1588
35141 301
50114 1857
54674 311
79210 1376
27982 1921
77299 227
97145 1413
79243 420
33044 1820
95614 1665
31956 1456
94312 1006
52437 1918
3595 165
5969 365
37180 864
4278 748
79401 1839
11425 430
35235 1341
60876 496
40743 300
28416 837
64977 441
34919 1780
85826 704
96975 365
98523 1069
51900 1149
97583 1008
8233 501
75960 1977
14208 423
73413 1412
70109 354
43101 209
2195 335
13603 1306
15378 1942
20668 1491
40669 1524
14863 711
72898 1207
29658 553
77722 1581
65279 1749
13528 1393
4932 1645
67884 1797
33715 141
93392 1597
29998 287
88094 1900
65138 1940
96260 1768
65665 897
35071 1543
59365 178
78606 132
94503 586
28348 222
31688 1842
57444 909
52012 479
72341 63
2581 1994
71452 827
96965 1507
15019 166
78066 1653
37228 1875
45120 1933
12631 1370
83485 1355
6986 1367
86976 1613
78805 1414
37711 1647
90478 333
79533 919
18776 1747
45642 1958
31930 498
54238 769
58450 697
1181 1544
91771 846
89651 1192
62355 1229
86874 1860
35223 1908
90814 1729
74004 1693
84959 1875
66062 1058
72594 1747
2843 971
39723 1753
29715 1614
72417 1891
44652 400
69594 685
85445 244
97857 1345
16966 1108
97801 1331
36786 969
25711 1792
75662 1711
61690 1596
60592 1582
77788 724
7419 1469
60334 410
94091 204
21098 351
55769 1324
92371 1116
45406 975
8091 1365
81326 843
38971 1804
46429 1282
27653 598
74652 592
94334 484
87592 626
25482 570
22921 596
36481 1601
8107 1138
60104 104
51734 1954
44263 438
59924 1754
13884 1902
76750 1963
75928 551
7065 328
33327 442
21770 1517
89247 1450
27886 555
55913 1415
93200 1574
85669 381
34546 1108
70142 619
1768 677
38973 616
45839 1758
96035 1728
9878 1191
53372 17
47863 1977
62680 1186
51499 552
61215 918
60667 977
19002 1318
56399 347
27212 1949
82786 862
14813 1723
4390 529
4280 1332
97234 204
24083 1801
37154 1840
52181 1247
33302 926
42927 1115
9582 1656
98265 1307
46348 481
90970 1071
94958 961
76038 787
80318 1881
12976 1650
49926 1120
91750 1686
66478 1536
76590 894
90647 1517
88171 4
594 792
94504 1059
81375 1916
35392 401
62972 1131
84139 39
86360 996
6266 1817
43259 132
77192 1360
69517 1687
37302 1388
23868 958
88875 215
70622 1967
38131 536
47804 747
20211 1094
11236 258
25541 1874
2946 307
62963 1072
92981 1083
88597 176
30831 1937
26864 1654
19421 615
24841 1161
55049 1081
44213 238
99261 747
1728 17
85844 1912
98601 572
13093 788
30308 1618
48463 1810
57082 713
4047 258
26489 1816
55351 1078
50539 711
40424 338
38417 569
20747 1465
24904 839
46782 1898
32496 1094
64685 1573
32892 1112
10626 445
87816 1149
26958 1511
4217 1767
2361 540
37597 1309
96065 396
49285 925
27004 1292
29639 1715
10084 879
87670 116
44574 63
3956 1741
27898 1343
35490 1746
74906 136
27130 1846
59813 1433
7479 1172
54940 268
90466 1202
90734 1283
71656 1707
96606 955
5462 1978
46859 1473
42940 870
7504 1936
11985 1491
67506 1728
26297 1262
42185 14
59879 1291
36471 857
16618 177
3516 1636
46330 1045
97339 1193
64176 715
20321 163
67139 1843
86447 837
4041 1014
60158 567
27897 1033
68835 1716
92360 1921
22426 558
48168 1705
81795 1750
12289 1503
44476 1674
37755 1193
45879 1855
98805 493
23595 1599
54798 875
23355 768
32514 1894
78541 153
40706 1012
63830 791
44752 1876
6271 928
94285 644
56446 1801
54413 1128
66705 1398
99183 19
54745 1986
59113 1412
15558 128
62795 1006
9559 839
93875 1975
8922 756
61216 1012
60212 1050
56824 1569
90723 1524
41634 1292
36378 1766
68646 1014
53727 312
35697 1883
8768 547
47101 518
11190 1099
50172 1250
19557 1932
78038 1995
10010 1850
5347 102
10446 670
37612 541
28752 958
64041 196
36311 1789
3975 572
29963 793
20470 942
50845 676
20879 69
64856 1477
90037 1953
96857 260
42818 217
151 263
52328 438
9820 2000
44425 1902
47374 1107
56909 1091
35353 591
81342 1025
13563 920
91698 966
22552 952
74567 29
75554 1698
33230 606
31163 1278
84825 397
43909 681
60523 1945
20570 197
89521 1493
54553 1920
76072 1401
5791 1257
42535 1147
40831 1513
69951 920
29439 272
47010 1839
79371 154
51293 772
78354 707
60295 1191
63049 644
40103 422
54376 775
11206 1314
77743 170
86394 640
41730 106
23720 877
72572 512
96861 60
51419 1271
39712 883
66994 1576
8221 749
3285 1375
74282 1867
24504 1631
10339 1542
99189 495
96838 1048
16519 479
95062 1588
54926 1798
76767 1681
88948 1259
71827 1911
72060 762
54333 1921
64093 1041
415 621
42117 1651
24041 1197
70400 290
54586 1192
98986 1851
72732 315
375 963
53866 1308
8207 1563
15651 349
43667 414
90742 1738
3105 1373
41181 1011
44208 9
96388 1714
12836 1564
37780 1911
26698 1
96602 876
41727 1110
58028 1887
71551 327
82057 1837
76168 1019
27561 1822
94236 1034
38184 520
15981 376
15946 604
15326 1285
25782 1895
19422 1756
330 1282
3943 1463
54861 1571
22882 1495
32133 642
34044 826
61777 568
60210 450
21140 1416
57777 1571
49377 131
25159 934
96632 1263
42687 1582
30505 1580
35414 1419
30964 977
59175 80
22534 865
37683 338
5265 76
13060 1631
9332 1166
56329 5
43372 874
57589 1743
5789 1265
35453 112
68919 943
68342 1653
55377 1645
96276 1847
76212 1017
49574 1460
61202 1706
42554 1514
70623 302
62762 1677
70876 1303
21243 1946
60822 786
52017 484
76336 1069
38869 81
58338 1088
78164 394
17570 73
5003 612
28237 660
49834 1694
9973 1995
50793 1113
44395 1608
96277 907
22486 1301
1286 595
17680 2000
46140 316
65480 889
81816 1584
44794 446
30027 1289
62523 662
78256 601
12671 866
8415 1116
35153 1590
95744 565
57816 1734
638 349
2092 449
37355 1200
13576 715
69527 1369
84681 83
52379 1991
83212 582
97937 1284
71617 1908
39019 1703
2714 195
35865 1807
7553 704
2862 554
70662 964
69420 1504
15586 800
50009 1662
98985 805
46853 1323
6433 1117
11776 1867
5372 1128
28679 209
51554 1302
59968 810
58276 1090
41049 735
16205 901
82382 605
21545 681
17282 1602
20429 324
97160 818
2274 787
52714 1889
8739 338
81544 66
5812 385
12866 699
832 795
24165 998
20092 49
18826 1246
53052 461
12437 969
73659 1359
87066 1672
38345 175
74163 973
79691 1885
96566 686
14453 346
61602 821
71071 1230
61749 1338
14621 324
64922 1336
42975 1448
54153 1065
40154 663
31845 815
37369 1699
21840 7
35033 1371
54409 1195
47504 1061
251 206
14035 743
97958 1774
67347 121
21241 1116
79822 175
2542 1029
38574 1124
16242 669
6536 1226
20304 852
32594 1511
47189 652
64983 785
57290 1356
40098 608
66443 87
95118 25
2975 913
73186 1646
16698 196
73992 152
17015 11
90465 535
80657 280
51915 146
66098 366
14956 1174
11626 806
74406 1906
51283 17
17998 1388
67849 99
75848 683
14612 1252
48627 1326
4222 1903
48165 950
81233 368
35589 497
58398 1256
73979 49
28415 1896
60022 563
41379 1477
68286 564
13232 665
82734 448
15959 117
24211 275
49084 1289
59006 939
10381 1844
19040 1804
47684 556
31860 1301
93625 590
20290 1792
99336 1771
90008 607
7604 675
71913 735
49890 48
63564 1641
60568 1539
39946 1181
20285 1648
57864 1887
66505 1017
4059 221
26378 213
91734 451
54730 255
95285 51
19328 1180
81584 135
59252 1786
41748 1588
16317 945
35769 1355
86069 512
34107 559
90013 1814
28502 224
25185 712
14705 1343
53883 1043
10858 1860
72209 1178
66428 319
67535 1106
14723 1376
55462 1102
25909 171
19738 44
14542 565
26749 61
2132 100
22106 188
66761 484
92233 1442
35976 24
14117 1258
17563 169
87468 1193
35184 1572
92769 294
57302 236
56284 629
26067 1471
17665 491
80171 196
86200 1363
30614 1443
30214 819
47131 342
2529 241
33185 1642
2548 667
91956 689
47315 423
69840 912
80316 740
73715 1813
77978 566
35991 1557
5629 746
72778 439
61800 1679
38503 1591
13035 822
80174 922
54045 1816
43634 1179
65180 952
48280 508
7738 652
6861 420
14335 1617
54274 901
24579 723
37885 1946
91883 215
23074 1029
2859 730
31706 1906
7906 1645
82608 449
3988 1616
55115 1370
77326 486
81913 853
6689 921
6171 1221
39807 1829
47554 456
85885 1694
78303 57
72175 1025
91434 544
27358 408
62422 1271
32123 620
69476 671
95411 1271
90330 414
95423 1477
59327 1835
32500 406
45315 1294
21163 1607
10768 1240
40643 445
36908 1200
65425 634
34048 223
27367 752
55748 743
4598 1567
36489 143
41378 769
20530 636
67704 1293
19215 1627
61503 148
33266 1685
89119 1143
83765 540
71947 1586
36092 252
72769 1998
76105 1658
51817 1709
51243 1087
64851 1621
64476 1402
43887 1435
98410 1307
57492 789
72617 181
64624 1943
84866 325
50063 544
55730 398
87526 985
198 7
31090 1619
67627 207
4871 765
3501 464
85825 1476
95979 1018
3073 571
1230 941
72044 537
5890 879
63763 727
60920 1770
58731 583
4729 559
92743 1664
55805 787
14130 1175
72593 167
25167 776
78328 360
69674 1377
95990 1664
80610 270
67879 784
14346 1688
26818 981
12977 1377
42861 1972
24158 610
27164 640
9366 1441
17847 1839
14511 1374
63736 639
60320 1120
40353 1513
57067 1920
8122 1712
44810 246
32231 860
13037 77
18314 158
45454 1166
84836 614
73679 50
5209 1522
92860 1038
88740 1523
90472 1682
19620 1731
75342 1629
16498 1189
8475 284
37952 727
16200 1022
94566 1011
91565 109
24313 16
69940 1736
85661 713
36678 436
61245 420
1279 1202
46813 542
52493 1624
63547 1987
83005 1121
38467 768
90029 97
24449 1111
65825 1313
26671 1340
4558 648
40561 1599
35874 740
66377 649
5323 220
35587 1684
61464 1976
87473 1094
38485 459
11906 622
67090 564
3838 1030
87313 517
86973 111
12887 386
49180 1453
52389 246
99718 1459
42955 1408
13972 1111
53696 915
15257 614
49187 1965
59047 1619
12714 1108
95100 890
82693 1635
98791 424
47973 299
20706 1646
44700 981
30112 1673
28478 1217
49920 455
19164 555
3751 1978
19593 1715
63325 1181
18107 924
69871 570
315 560
64227 942
89471 1563
6699 1445
37126 796
88919 489
1759 375
36671 1550
82495 928
87598 675
60779 15
26215 51
3955 1212
38977 941
69092 944
71708 1817
77615 217
13114 3
34728 269
1468 657
63404 1171
22436 1605
66115 921
14510 1201
47978 1407
5977 688
75047 694
67674 1265
63768 954
70384 1789
76495 319
21147 646
86829 362
12894 309
88263 81
34749 476
7297 1850
14204 1870
97343 379
46663 364
32677 1618
57291 1710
86401 1695
67034 562
14761 611
40583 653
97459 1897
16484 1481
42958 1847
79471 1975
67084 847
42585 31
89392 476
99508 285
23530 1156
32287 1992
66674 1473
4590 1679
54448 385
88177 1476
36006 464
31462 1563
66154 745
28088 705
51130 405
6443 1608
98441 845
76961 330
4148 690
28634 384
99450 1324
78277 115
23866 3
8069 1001
4039 817
97901 1355
59441 1635
16297 101
57963 1747
36266 881
4022 1770
55312 1022
84594 1682
80589 1794
92947 5
5274 653
56474 1644
53263 1033
51713 121
41882 1120
2126 978
86533 338
68550 199
29188 317
11345 1019
25798 935
7709 852
82390 709
36472 214
37997 906
2833 1680
59341 1528
17090 593
59398 1701
72650 1987
89657 776
13269 340
61338 1996
2116 1814
75318 427
15774 1686
80842 1575
2226 423
24712 1420
95965 1473
18116 1844
54446 1354
79152 186
11081 806
72099 395
73204 1851
28796 1396
37247 1014
65629 1994
39222 1990
75871 609
44875 1005
15545 1691
68270 1673
61984 59
72632 1988
85987 1851
8902 1974
4180 1058
92583 1260
25603 793
97397 1583
28288 1749
90089 268
80085 334
3893 317
78780 1008
87760 40
33863 29
93766 1591
67721 1041
98773 919
16860 1371
19316 469
57147 1136
6985 1249
8897 405
62534 1931
21050 1830
25915 1708
22152 122
40320 1901
89037 1645
32497 163
55600 1672
98458 1374
84409 919
12143 1949
4697 1646
10135 777
7808 1834
50625 1700
8393 3
18781 475
21536 1728
1692 1195
35287 253
99584 337
6648 1455
11695 1015
3463 343
78728 443
36410 1376
1470 132
52206 355
95077 25
2186 1418
17080 1654
67107 1441
63595 998
48067 977
82120 1038
64300 1811
86710 1709
20079 324
66218 1064
82748 138
80191 33
98163 1430
51158 1641
11639 277
44244 305
27871 425
66584 1990
2538 381
6506 156
1098 795
20205 1679
74508 297
3404 1698
93567 1784
32675 1081
28540 1705
89270 989
37776 1091
87431 926
17623 958
78843 1597
99949 216
59067 1526
72570 202
83180 1989
56088 1875
97676 106
53476 877
31811 1740
15579 1793
48728 1144
31910 513
42425 106
54580 1541
54819 1157
12951 1357
15256 235
56310 810
13971 846
54996 187
77353 1664
97843 378
25864 106
47870 377
47277 1365
93446 1512
4466 1753
68851 1476
69114 1065
33737 55
94238 1725
6868 650
18569 1778
60405 820
75540 1198
23915 1466
31935 168
19388 346
70215 1770
6766 947
19522 1819
75480 791
11596 72
31189 1046
79067 1237
52566 1771
70009 1761
3521 607
69685 1115
83728 1861
56754 1442
47169 744
5678 37
51669 1547
86966 302
66811 1766
9086 501
51401 209
68245 1127
72715 103
89940 40
16224 1220
94761 1917
4920 1506
26753 497
49543 404
8835 1004
923 1779
88232 1245
4730 1545
71674 1236
54728 1409
88065 209
91131 361
94464 476
67986 440
29263 345
71973 731
99971 1175
94526 1162
37184 1870
44280 919
65456 272
35863 1366
92010 1712
40872 1996
25810 1852
57967 1995
68321 1141
6187 812
51119 1174
87589 1215
10780 1363
3043 761
28210 1497
29771 1831
16013 1230
84640 1528
8680 479
47734 1256
36178 1233
73857 627
5783 1494
88157 974
80605 806
4363 438
96840 728
70964 1978
71414 1828
43801 336
41500 418
31114 152
4302 1905
72083 444
7428 1516
34109 1647
65044 1311
87018 624
79110 757
36045 1460
48726 427
55759 885
10229 1768
36714 977
40105 386
56084 1613
74767 879
31995 1759
4896 1243
153 1405
20377 678
84942 1724
43884 582
59751 1171
22261 1516
36208 683
23131 1632
90191 987
64060 100
79327 647
62954 1882
87655 523
83686 1186
99452 504
89970 1029
34262 787
93563 1966
57693 23
75188 233
25558 1145
82971 1557
85618 1784
61702 54
12689 1845
88505 386
70999 596
89015 280
71385 1040
84511 910
59710 1108
92797 1504
66685 850
54382 1351
48732 637
96680 20
85863 870
48131 1198
36246 1243
91360 1472
63099 1079
49031 429
23872 1206
39115 595
76534 302
6394 1008
30644 529
61115 969
46129 1867
70724 1729
38218 1857
97386 1970
88695 716
66254 1135
47201 426
24701 1460
41168 1819
72901 1223
5517 1209
90131 616
51879 860
44268 879
39856 606
56369 56
12140 1477
60594 426
69808 1742
99110 1260
12387 1573
54906 75
79408 1900
48357 1826
16658 453
74087 1872
24292 1178
52887 1039
27908 431
35524 1369
12409 357
79283 1608
65570 1086
81040 1686
90568 885
88176 61
63426 599
32042 491
39679 317
42060 751
85398 1356
60891 535
25360 1493
37585 263
36744 1465
13680 738
44611 1071
89726 665
46252 718
60993 1008
87207 649
95114 1574
22613 1110
98861 1309
29360 517
76269 764
21103 895
99924 821
78130 743
31361 1866
3670 834
25171 143
99409 86
30125 1574
25102 221
49894 1464
44128 796
14264 888
71954 1287
27060 1408
77169 793
84935 1476
74231 1010
55089 927
45559 1077
4199 1304
58984 159
47940 1437
29195 656
54501 181
11876 778
58392 410
79350 1412
53961 1034
10208 37
24436 694
43075 267
92673 1191
95581 934
19365 593
53749 1671
91981 1421
26045 1048
82553 1205
73777 1708
14536 1890
71662 1564
8167 663
14803 1358
41469 1613
92585 1428
87150 1543
32876 776
10248 385
56407 1731
34725 309
45102 1293
87553 256
50965 1017
30740 429
44630 464
32408 1424
37950 211
63882 689
13085 609
82476 834
17670 1884
57398 1487
81419 1284
79577 787
84639 1390
5418 576
70576 1042
99233 1394
14148 1499
80592 301
28588 1559
6402 754
74633 360
22867 1520
89756 75
64658 680
75286 1812
63184 298
93074 557
42590 1913
9386 1355
57337 350
39340 851
67305 1203
62437 124
71394 300
54717 123
28041 854
13387 1037
11166 557
34683 1441
43432 638
68650 1384
86866 750
73273 26
78180 1763
84462 10
14909 442
81905 166
10234 271
27257 1736
34534 1183
56008 1422
26520 1507
83154 1206
7468 55
10290 165
36533 1038
24648 1307
2338 1428
96010 34
28867 1840
79963 119
78234 1434
28085 1262
68070 1493
47398 151
15970 589
46335 275
65307 1045
30881 1854
17419 1744
66501 1290
45931 1677
8824 1427
97872 1226
67775 1440
11233 480
72813 545
17099 63
17561 1635
42018 907
4849 248
81848 1064
15863 154
32322 793
65488 850
63405 1790
58389 1312
8943 1928
43330 778
1223 1442
45098 425
56387 54
93849 1311
92354 1263
12327 398
98582 963
74639 931
40267 361
48253 1367
57003 58
19661 772
31586 523
14440 1493
89361 1390
97297 740
21531 99
72535 1293
62050 1612
17006 11
57088 426
43669 2000
82039 1773
48681 26
92463 1288
79638 514
70383 1407
26657 438
59065 299
36235 1078
5223 573
17862 1854
74235 544
84460 1239
17743 1034
44017 317
68324 62
91138 1951
2642 867
46470 720
84957 586
535 734
76083 1932
42845 1711
69144 1931
91602 1704
53378 1341
60660 1181
38500 1140
72412 749
54109 1892
44334 1336
56828 1409
33830 1429
78696 415
39486 482
31651 1506
45200 404
82348 1069
51870 1573
36596 1774
70305 1129
84512 1025
13376 1874
75505 56
80762 1792
96913 944
55395 475
69725 1666
56309 1939
38986 177
27504 643
95964 1232
27042 1717
40254 1083
78112 591
9225 1972
35871 1154
21593 1513
24877 43
77022 1660
44865 875
1184 1267
6513 201
54747 739
47952 1991
92654 725
79941 1815
86962 227
33372 989
11664 1134
99596 1195
49687 7
94749 1906
70559 464
28804 1861
67403 1487
30599 210
6898 197
10907 119
68836 803
27053 758
94208 1988
16153 221
75999 1858
82928 1608
71305 1351
71293 1052
32121 155
52744 536
19730 1629
56831 1039
14570 1756
81832 1419
32335 1562
15282 1230
86575 310
96145 386
94240 943
37518 1588
77297 69
6657 544
58147 257
3306 1844
78596 1108
5814 388
70317 392
88824 420
72892 94
32462 445
38894 1460
35685 1842
46467 1345
34838 867
9452 1261
92931 438
49411 1210
87203 388
66246 860
8292 975
74395 1332
10020 1306
39392 1555
53227 300
47002 414
59784 1999
12514 1575
63226 1301
43874 770
19031 525
45683 1845
8786 1302
52232 1890
78971 887
88644 788
43419 1450
60864 1272
70786 741
16931 1899
22499 1799
90014 649
70265 1702
61851 271
71728 1397
21731 1753
75764 284
87139 711
93615 251
75915 367
20979 1054
89305 500
32944 1302
29590 1988
8846 245
94065 1516
23288 1303
15477 405
8834 418
54445 664
76316 1904
77 778
49047 1674
32909 1579
80664 879
68008 488
56574 1496
93280 339
490 1367
12488 331
67404 1118
48064 1358
43309 778
85145 1482
56949 1132
31634 1828
18654 371
55208 273
18023 1702
11894 214
25496 641
70081 1873
60445 1751
53679 859
24141 70
53720 539
53139 448
31577 592
24136 1971
71049 852
36131 647
56782 895
91931 826
11888 1729
97642 1920
17867 967
33054 564
98781 1138
47343 1341
38760 677
84595 1778
4509 500
98849 1394
48400 1911
85731 1561
48922 569
83258 1373
25007 1670
14699 158
73042 579
31915 913
14802 240
84802 1088
85039 1774
358 512
6764 1855
8849 469
95273 440
73567 660
3249 1394
1841 1605
58132 1121
562 1805
60215 244
55942 670
54682 362
24562 1839
44349 1580
26251 1666
23026 1321
66201 488
10972 921
99188 848
44583 1710
5547 1520
56073 1261
49389 992
63599 155
58457 250
61205 531
83175 760
95739 1758
10261 1878
1576 1695
13569 558
56683 1430
2676 273
65642 502
39842 1224
34234 412
35885 1076
25274 151
5503 955
10798 800
678 896
20961 1801
90230 17
73344 67
34206 597
43699 1232
20102 36
93002 808
55257 223
20882 1676
32795 596
87389 1986
38034 933
90678 1979
3357 1874
21648 114
66930 1434
57346 23
80996 1423
10289 1308
28756 971
95245 491
10364 632
7098 829
94125 1596
88000 334
33062 723
44243 1599
23196 704
33548 1297
12168 1762
20684 1668
1212 163
3004 924
51997 1386
55322 864
80910 1603
74464 1914
41982 35
15068 1547
85326 1339
51278 1402
33364 713
12090 823
20403 672
10176 1553
83610 1165
35087 905
21778 499
70027 1539
18351 1427
47400 474
98112 1155
55776 390
65258 1672
79621 371
34418 400
69816 915
58548 466
64987 520
60447 530
87649 81
77771 499
77065 330
97248 591
24666 996
31336 679
47262 1536
40544 753
46539 407
98957 592
32579 16
46310 222
56266 1613
79843 591
96185 1449
70358 492
73906 979
58176 1596
7388 1363
50349 1005
55029 1247
67917 501
4620 1578
48706 1331
86805 750
22153 1395
85663 870
21965 151
26745 1021
82543 718
60819 615
72687 1267
92467 634
58932 283
79766 1764
80774 1130
54450 1928
7446 1806
97858 83
18450 105
22674 1319
46008 822
69352 524
13771 1251
75129 1837
80350 15
41673 925
97289 1147
78697 388
54967 1432
1843 254
8435 1417
13399 1716
5704 433
45802 340
6224 263
20265 1859
5747 946
30037 1017
17683 778
53686 1339
59344 1893
5411 373
68062 268
13705 217
84826 959
14645 1922
44240 282
83430 1488
3535 567
93118 457
77755 1832
64459 257
45372 286
25386 1895
23163 510
85166 799
5820 1598
39087 1895
99509 1668
39422 952
79943 1623
30974 825
83086 1705
87188 1331
87864 1778
89662 1382
68446 69
96302 1552
38325 409
44669 821
99208 1636
92969 1768
51 1328
14873 486
12935 846
72955 1453
38374 674
45807 642
9281 1467
67264 1187
58522 758
27582 1646
89020 1501
5056 1892
74626 600
60850 295
33493 1066
6260 575
60644 1071
39886 1618
71826 308
13383 1046
90305 1346
13236 782
67102 1537
34437 1344
79071 1942
71416 1055
21194 1548
3335 45
14088 1927
58025 1470
43126 716
69867 1497
37441 1067
54915 1956
40686 367
11067 781
44642 1571
98907 1757
57905 467
83329 989
21779 1763
50369 1669
18153 25
48183 1563
23290 682
35279 837
66423 990
67255 1640
46655 1412
36041 858
21068 741
44803 1265
73000 1473
74571 154
35869 206
32386 732
21464 171
40326 1222
26640 1042
69346 1120
34376 474
12593 1296
61577 1597
64076 1492
95600 1315
44519 2
74717 1948
23181 1472
15526 1102
60798 91
14381 94
43007 138
59488 250
3674 539
83551 834
53577 1003
76314 577
16162 1642
89360 1108
95616 1507
57298 268
39416 41
44694 1361
94807 670
36491 973
64415 466
65123 1877
51207 1311
26371 50
66545 610
59626 1630
26557 340
48170 433
84120 675
21129 1519
84841 1122
8023 1410
99836 107
80596 462
8545 1729
88724 196
57566 809
71143 109
28881 1789
67045 127
91418 461
64756 202
14789 1708
55601 610
98433 21
16198 624
46638 1608
15658 1255
72447 377
26629 1611
50559 749
92392 426
81400 307
73018 502
74460 79
70091 856
12515 1425
63267 1129
39555 587
86438 1420
41047 914
52889 1538
10112 334
62691 1598
69534 451
2459 567
22482 1258
97410 1427
8040 222
51181 236
97631 1356
77443 1522
64536 1947
46964 370
8376 1251
90070 1919
14625 676
74740 974
63115 1053
21489 1776
23296 1123
85836 1846
31106 1068
3110 1391
70339 342
13726 1755
47837 1134
21311 923
10671 1437
33039 16
3344 1511
65203 1474
47656 1098
23030 1637
83927 1877
23318 932
95476 240
80541 161
74264 1091
4279 91
47293 240
37057 1527
4692 688
77101 1860
66352 629
78442 1027
88710 372
83963 1786
55174 1237
4233 208
77891 1926
76682 1013
30051 1987
13723 1609
59313 1921
21043 766
50852 1439
4333 780
15564 135
28603 1456
92920 608
99003 585
4528 1464
67647 1877
26937 1906
21009 960
82274 1156
51956 533
60715 977
351 1589
71695 572
31526 103
83599 1811
39855 236
54304 400
14123 412
26961 705
91085 1088
71961 1309
50647 1426
4331 1427
22352 826
24610 1095
93089 249
66393 275
32196 921
44565 244
56210 1758
1635 510
30370 273
86778 820
36921 978
15369 1384
99748 999
17349 1176
7 1987
79734 203
97209 1121
99706 765
93413 1894
15512 1807
57630 796
58256 1894
85144 1754
30654 1199
6111 1855
34027 1419
83198 1966
77981 13
3152 132
63463 557
10350 29
10549 556
32823 1995
86380 1778
96219 1745
17209 1363
42316 411
73477 1884
22827 874
73268 645
25161 419
83010 27
16159 1634
88221 213
88860 346
54959 1519
557 1413
9993 582
83181 1444
74221 1547
8622 158
56322 1718
58411 1935
1246 1073
82656 1210
97240 85
15965 220
63439 685
55627 1187
59310 1473
10526 1115
64357 981
91248 33
49748 1405
40504 325
25417 1204
1876 776
78381 857
49801 454
74207 170
25821 683
81977 1547
65246 992
34421 1579
26468 1154
38102 1624
97880 1606
20894 27
37816 133
38590 674
68196 112
87938 1167
89092 85
26912 74
49069 1758
10690 316
34872 837
17042 1295
30906 1760
83534 1494
71985 1578
88995 488
51238 66
69015 1605
38738 1698
41173 1042
10999 1967
76511 1929
78115 1979
39689 1838
5763 937
37653 924
43556 1054
56759 22
13941 906
45523 654
50435 915
23952 244
62431 1603
57691 1679
52304 788
53950 1210
29069 312
96897 133
49102 708
41866 1933
7610 422
66566 721
42702 702
14925 146
20694 395
61478 271
62064 1264
60436 1411
50873 1404
25384 1449
15129 778
17737 1167
93053 631
8954 768
50892 650
63543 1651
27265 1943
41213 988
66192 127
12665 1101
56836 1971
21141 1526
92531 1673
59686 1049
63278 647
38019 59
52485 1744
92882 1883
67494 127
97110 709
33537 569
18121 1140
25644 469
45117 334
88396 1149
22912 658
35947 1266
7438 371
11178 1041
48051 520
28971 430
30497 1732
23766 464
29136 324
69804 1952
17624 575
17609 1681
57159 1726
36509 1386
603 963
28777 323
89876 871
59962 796
28633 1362
18581 1192
75413 620
95266 1184
72766 1212
74984 140
29531 1624
39797 1458
98152 1230
35728 442
93106 1318
21034 1459
41360 160
85805 766
55270 951
88507 1172
92268 1207
72194 1004
16497 1390
12802 1368
30177 704
42365 838
70069 1178
58562 368
56684 133
49571 908
52736 945
78045 1457
50203 1581
12763 1716
51914 1416
63112 1552
17528 413
9312 801
6753 396
40736 848
71627 261
36595 1920
68374 673
66714 351
36461 918
30868 989
70282 1399
96658 191
17526 937
1254 1058
16995 1224
82000 817
94230 968
1681 150
70304 1299
41074 1653
35529 1073
64519 1983
4458 902
94430 495
7947 1432
29503 186
71931 1404
7693 303
61172 1347
91252 1568
12699 1598
78573 751
95091 1311
89736 1517
24410 987
57854 385
74920 651
14552 355
23752 1374
88440 1117
31312 1996
60606 191
4712 1505
97458 1017
26687 404
60705 1418
66117 488
18701 542
90385 1134
29920 1851
80180 287
71613 903
2476 1238
51520 1984
26150 749
32640 1225
23967 1152
56757 1471
29424 1114
7530 1665
37987 963
93976 415
71330 1792
62233 1604
43446 1203
3159 1070
93774 141
46800 474
74109 1659
8891 899
95102 430
1956 503
95448 835
51432 999
60938 1351
78453 730
86913 1337
96499 1071
52303 131
23961 169
79476 220
82854 925
67645 145
91256 1473
66740 1244
36990 137
40202 1417
86988 801
98387 1628
10734 479
10718 575
29564 708
93109 1148
22527 10
61305 426
67804 1212
38526 535
34212 1243
39565 1843
4562 632
86489 1776
22315 592
38161 621
93072 42
16979 949
52935 1919
49547 31
58105 180
79755 685
27036 373
21978 229
76887 313
26959 1550
72018 120
17675 1331
35396 1300
24443 925
71448 490
96254 1758
6676 1765
63142 260
31374 1534
57887 826
62100 1001
75203 1310
59476 839
61889 203
60589 698
9202 1450
55969 776
69245 1343
76312 140
4877 65
62281 1285
37083 1774
12945 1070
91638 115
40591 1927
18898 3
76199 1418
36204 1616
89864 488
50027 571
54471 958
6374 1669
41937 233
44670 711
66848 938
54025 464
91274 1228
59565 984
30600 1760
97777 1770
40446 1342
66888 1588
27567 157
99135 1021
82774 1260
9931 1268
77930 1513
9714 1629
46614 851
44927 213
79562 558
36398 1530
29251 934
48537 711
88792 141
80693 1610
82801 1239
96335 1611
1793 338
20619 1670
53318 1983
62778 663
75336 64
43124 294
65189 1724
74833 359
39785 1411
15967 545
3325 1921
68158 1755
80862 883
91327 949
64614 367
82429 753
13526 666
88312 490
45908 99
39214 1827
84844 454
93214 374
60839 1532
36385 662
26335 1752
98257 490
60272 365
57023 1448
75737 1795
43334 1046
30291 1640
33428 1195
43772 1238
401 1159
29364 84
93313 709
72508 1543
39599 1164
13196 752
38755 1793
11592 1704
98931 1353
60593 29
34708 360
25699 1909
41062 1230
79999 679
43963 131
24702 566
95550 1388
11003 1191
54166 1912
52605 994
58639 1302
89448 1970
40377 615
7374 1831
360 875
38046 872
25108 1480
35539 1092
62223 287
56817 195
6917 1843
12038 1038
55146 649
28216 131
12333 1708
4254 231
44323 1320
84692 525
35441 755
52862 144
89608 291
27813 107
12153 836
79280 1106
53513 1020
25791 925
47497 13
54659 1099
1304 516
90279 1062
10861 1135
82609 1962
13306 451
53889 1529
15064 1859
12659 295
80908 433
59414 1475
30032 162
55533 672
1613 1574
53605 392
17579 1746
25294 340
38414 1444
44085 1128
56115 1015
52104 1970
32307 1892
14427 331
98847 1363
38712 488
96299 598
84671 431
51189 188
34891 345
95844 1958
62617 1723
43065 15
17591 460
65593 970
35673 1331
41143 1226
50034 810
60448 1993
93069 395
44653 677
1571 857
21074 686
69526 1263
49052 947
57330 1523
71697 230
67883 1105
10150 594
28901 611
34354 1015
5551 943
16992 856
7987 1469
99288 1279
58957 116
38270 167
73102 1605
87700 1584
69393 987
47921 153
32367 1796
17628 1612
43219 1570
26059 1618
94216 488
25422 195
18380 225
87560 1607
49165 1949
20323 1170
69781 1836
21775 1057
95231 1810
11620 1929
66391 1469
66533 1920
54287 886
17642 966
20326 1047
73520 1751
18210 1695
87570 1793
46719 1864
82655 694
41471 139
97364 1579
73251 432
40137 1283
1965 683
67169 871
65449 6
32119 1023
97612 1294
17740 1289
9134 720
6017 1849
20041 1461
87216 34
31377 127
14073 1135
10569 760
9812 34
55964 1553
22786 418
3803 1988
70162 138
70898 1464
74162 70
49980 1345
96253 606
691 1059
32061 681
85569 480
37055 423
78772 1231
86465 1855
26265 928
1553 1224
34921 1447
96447 1003
55853 173
43179 1066
51589 24
61945 728
29455 1640
68209 733
49836 505
17798 519
46308 1422
85317 1783
15794 1449
55419 364
52621 1630
62879 1970
85048 1695
38382 1399
78648 904
51352 626
22788 1657
465 1281
11029 1116
82917 161
55401 184
51255 580
84445 232
80244 348
96796 434
59736 1219
26049 43
2120 1771
19324 1354
28513 702
87865 413
42414 617
39844 853
25114 1929
12845 1429
77785 1321
36534 1568
85929 1324
32233 1286
34924 869
83096 1632
36209 1464
97154 1119
25710 1983
87182 1317
63865 1236
77986 1000
80001 1663
51885 324
34857 1995
62593 1581
98507 1334
14345 854
23241 1792
58837 409
70836 880
11174 1305
57269 147
39277 1200
449 831
66000 701
28374 1192
14742 357
27971 47
85991 1428
57913 962
25524 1683
50225 193
53013 1174
87680 1325
24829 1121
67787 1829
21383 1403
63026 1529
24915 1571
26795 829
40621 1995
46101 843
40048 714
81596 363
40244 1739
52865 103
1981 23
