7796
492
922
929
668
361
833
922
301
526
312
250
95
522
267
250
316
253
168
524
258
860
405
797
949
826
258
524
394
262
956
882
665
873
608
967
362
496
665
908
453
839
470
576
738
848
345
809
15
734
550
982
726
462
61
420
537
736
685
857
943
785
187
448
867
264
779
922
680
551
990
514
489
182
483
348
662
650
169
990
202
215
439
343
917
715
693
660
400
319
191
502
478
300
925
895
538
925
654
160
839
151
241
255
543
568
710
102
205
381
136
897
579
141
548
72
238
585
555
445
843
229
573
457
302
71
778
134
81
702
840
895
679
978
414
840
413
878
4
477
817
373
779
370
95
616
313
537
487
297
707
112
745
561
60
558
17
491
362
563
181
879
412
480
477
298
617
681
48
131
245
756
897
63
670
328
844
306
317
540
393
193
693
312
220
403
698
111
771
92
551
754
900
780
470
265
956
42
542
419
308
65
201
61
538
15
501
620
601
959
626
91
184
988
69
163
407
484
327
609
593
411
761
560
6
555
877
52
7
217
480
954
946
356
826
285
300
584
815
612
199
414
216
294
891
116
250
467
876
531
648
303
746
359
530
858
244
76
875
408
325
902
280
69
890
390
425
344
394
367
282
762
241
108
147
971
568
774
214
685
860
983
845
724
247
843
391
77
22
123
689
874
881
693
764
105
799
255
895
573
46
622
917
479
192
780
328
250
457
974
291
96
661
189
88
722
60
894
298
298
230
345
154
538
471
362
521
17
289
262
339
405
381
357
906
833
487
228
600
667
885
546
996
853
522
930
415
615
743
271
227
834
586
246
960
329
299
527
263
658
563
43
654
734
423
972
111
52
740
811
71
202
527
575
792
918
449
96
817
346
544
487
343
69
983
981
972
1
85
892
652
794
57
474
810
192
654
316
662
651
313
46
986
358
229
593
658
998
140
191
359
488
287
971
140
371
821
770
527
587
124
104
28
624
513
549
195
459
215
799
75
767
773
261
507
185
976
888
207
177
25
380
499
395
396
743
41
586
458
210
241
400
624
442
259
1
374
946
29
342
843
542
519
145
622
708
735
752
187
286
336
521
213
183
919
992
905
932
382
592
736
179
638
603
276
428
894
368
43
783
820
895
841
921
78
643
681
633
919
889
9
190
177
814
474
371
515
675
955
959
421
431
838
764
963
5
514
242
416
560
260
606
753
950
289
256
797
497
119
99
351
194
506
150
964
73
144
380
752
294
13
897
121
333
269
607
886
884
811
558
933
691
650
830
79
723
466
54
839
643
801
553
988
957
693
31
547
761
455
965
395
950
258
168
551
690
67
561
763
558
596
853
58
968
164
225
354
534
116
266
260
36
248
448
170
667
941
333
584
226
887
261
38
980
389
243
989
527
119
264
557
181
865
933
426
854
704
867
840
581
330
127
592
630
110
267
2
492
793
932
727
109
253
34
684
351
516
979
610
87
8
556
467
70
390
158
434
640
461
137
835
751
681
872
272
515
940
333
103
502
941
686
350
964
616
512
844
55
304
891
22
670
412
680
667
108
181
107
382
808
699
543
170
760
6
209
959
458
864
734
375
25
991
320
854
637
751
175
147
627
165
295
74
402
863
521
339
479
834
795
36
595
525
673
528
701
293
13
982
788
750
402
901
656
571
295
620
416
342
178
513
448
357
379
734
133
100
620
58
794
269
899
727
58
485
448
724
361
135
264
650
940
105
415
451
174
836
670
702
966
390
364
482
216
685
388
449
528
191
562
394
380
280
532
507
337
730
210
378
645
567
801
841
936
170
249
465
942
171
169
727
658
266
707
107
415
629
683
745
954
161
157
828
846
760
585
522
927
922
628
475
983
587
98
152
191
645
857
122
925
823
963
213
676
550
979
26
613
205
176
612
74
247
620
563
918
790
819
680
732
738
820
812
609
192
286
826
661
250
83
996
876
632
870
560
814
40
350
608
721
184
387
235
574
434
524
367
194
846
395
30
793
198
405
389
406
754
629
709
34
126
447
185
382
482
989
886
134
809
6
442
156
734
249
199
714
817
81
420
959
757
897
879
55
980
688
13
207
408
739
512
523
529
961
838
980
118
685
74
600
640
119
956
535
971
912
641
163
279
623
589
149
798
990
606
597
680
927
763
543
770
782
753
259
923
959
689
779
492
12
890
992
323
823
567
785
491
974
858
358
359
943
209
645
96
286
300
664
751
792
372
596
329
681
21
639
797
847
319
820
88
183
953
931
508
450
934
842
565
470
652
817
258
7
885
310
701
512
841
270
848
307
461
399
576
936
638
963
325
144
312
707
76
209
542
474
53
569
593
505
625
102
758
337
602
642
837
124
865
945
790
345
886
483
745
404
183
372
662
21
660
677
229
368
402
372
174
921
397
535
142
515
635
848
421
640
558
229
450
326
913
471
543
98
364
321
806
545
996
287
881
681
816
363
290
495
571
217
366
545
176
755
217
87
353
883
167
383
964
578
998
977
885
413
495
223
295
171
665
873
289
722
336
220
591
461
848
846
397
601
920
9
781
201
414
228
407
546
762
955
378
47
415
496
2
338
703
843
895
173
186
924
724
511
858
963
577
46
720
896
788
930
694
721
196
117
5
745
412
558
744
441
935
104
376
486
487
92
991
832
212
339
55
974
152
226
159
88
933
826
255
150
608
893
981
206
141
431
513
587
832
363
257
577
488
468
683
723
100
384
145
945
930
380
721
111
709
78
45
935
606
276
202
687
32
687
100
293
304
583
669
368
522
178
489
313
929
233
121
564
854
118
413
860
549
382
891
259
84
924
931
293
515
5
532
56
948
501
908
239
210
677
907
637
340
262
240
791
94
245
1
472
549
712
534
720
58
476
292
515
543
882
509
827
430
159
926
215
804
875
720
306
112
213
75
242
597
174
629
563
440
921
504
371
868
766
873
977
334
575
707
715
288
402
801
29
881
135
641
97
483
870
971
782
951
268
651
922
656
604
129
809
48
756
876
381
377
887
708
440
175
56
175
693
25
456
867
303
162
873
762
666
29
238
100
913
155
270
319
97
912
88
676
238
787
341
29
701
507
679
407
135
151
438
495
396
625
773
815
67
681
185
72
993
259
495
266
449
754
59
128
621
74
617
681
640
177
688
559
895
984
576
989
953
354
193
211
200
721
803
15
951
390
121
13
340
430
521
219
328
109
840
122
998
71
751
962
313
682
120
4
955
222
714
189
307
913
410
328
698
85
183
836
327
835
598
112
61
315
685
373
247
646
757
602
303
417
537
845
143
88
55
148
75
2
325
692
763
24
119
405
679
654
948
498
453
561
328
616
120
742
781
102
685
142
289
385
936
510
154
867
861
73
908
400
968
668
991
72
820
237
712
70
334
629
473
538
717
470
838
7
21
696
724
272
99
42
469
178
763
669
570
815
755
827
212
453
814
288
669
84
35
792
843
546
468
839
412
494
677
237
801
105
165
832
212
932
184
878
369
745
451
985
133
318
34
172
472
657
690
752
732
385
664
323
372
272
868
253
568
172
105
817
195
88
498
448
153
448
823
460
277
879
356
223
378
415
119
496
675
726
140
287
536
822
737
852
541
860
109
338
915
11
795
772
702
198
292
676
316
229
550
371
114
529
594
582
698
319
933
679
621
46
47
380
651
554
56
180
275
186
332
635
728
621
643
102
90
627
832
471
788
347
84
734
51
432
196
606
951
216
701
210
699
922
674
763
62
407
803
140
957
839
526
742
362
873
108
489
22
702
957
866
215
695
995
691
156
18
567
160
624
226
692
999
780
764
918
282
970
127
784
189
740
944
620
735
864
881
433
147
987
908
583
413
895
63
513
61
996
702
263
882
183
146
1000
986
522
848
770
547
791
833
9
119
74
506
382
126
666
914
524
78
334
515
549
170
415
662
411
69
694
406
237
598
864
790
279
813
31
79
884
303
488
112
471
218
529
242
619
777
62
94
708
686
117
496
518
684
735
883
512
346
70
516
227
5
327
744
708
326
900
990
670
799
190
523
132
476
119
900
219
190
808
102
506
502
727
957
193
619
172
894
827
943
280
677
120
96
688
407
163
897
724
496
666
202
597
651
301
92
524
881
170
859
440
628
674
558
85
141
6
300
661
446
96
270
639
453
591
100
46
541
913
355
170
659
667
217
993
154
237
796
570
19
559
489
238
578
687
58
408
396
860
34
221
986
867
397
891
914
959
107
463
795
456
908
980
526
640
853
167
367
177
777
383
343
582
412
392
408
134
427
110
423
293
113
208
703
815
975
638
704
731
711
200
133
385
360
99
601
834
843
997
335
557
461
455
754
981
290
919
219
333
363
402
801
622
819
928
86
226
735
511
768
855
473
954
329
107
878
118
723
920
150
123
877
81
753
441
539
844
41
401
387
252
318
237
321
581
81
905
420
487
389
957
499
964
859
427
259
216
633
524
599
45
713
511
722
421
726
602
180
124
46
624
557
452
557
426
738
891
374
849
677
596
310
554
652
604
845
280
831
693
960
765
312
472
237
689
1000
926
142
819
858
158
975
946
344
645
750
789
685
148
944
173
424
563
383
231
675
556
770
17
165
990
772
63
941
201
478
721
362
888
759
743
783
413
931
86
472
185
324
880
617
577
593
609
189
509
131
295
141
327
823
755
351
204
803
983
820
548
734
93
204
687
146
393
20
875
100
310
102
401
580
170
311
813
382
270
669
183
275
230
138
576
363
160
635
668
46
899
480
552
467
999
73
344
954
483
528
309
911
60
995
4
90
231
160
490
499
843
969
511
728
714
199
821
297
603
910
415
607
121
841
622
128
177
273
431
712
488
318
59
13
526
142
55
309
539
626
460
37
396
724
454
979
546
874
514
560
970
887
438
857
195
312
833
411
609
307
481
846
675
839
611
453
160
232
90
353
283
937
355
98
680
728
153
777
152
373
873
918
33
222
584
6
590
36
42
19
169
565
810
603
596
771
245
20
24
332
732
702
619
720
342
112
279
861
702
915
379
769
909
288
803
797
884
189
653
381
783
428
701
13
345
411
751
997
994
142
783
35
866
215
72
808
306
148
27
142
210
973
831
265
274
192
199
937
451
691
715
60
135
77
558
156
294
936
392
445
725
517
644
17
728
665
672
574
901
964
751
36
117
583
366
452
221
579
435
145
998
281
965
134
853
965
12
460
667
99
187
935
87
327
149
867
450
492
714
277
115
344
832
190
409
24
254
349
989
665
924
156
302
470
578
955
934
89
736
567
285
256
204
673
95
493
337
16
617
856
485
462
124
380
181
755
632
750
757
763
376
164
228
694
968
797
315
240
519
278
570
382
11
578
724
38
576
584
864
417
147
591
927
300
822
376
778
133
56
282
92
726
597
30
875
41
134
694
788
766
266
792
157
448
717
651
453
949
876
702
493
799
755
228
889
619
525
635
678
680
294
145
287
238
640
463
239
347
94
905
223
860
938
196
439
573
464
382
925
395
214
837
30
401
274
360
440
665
60
72
774
902
316
512
90
799
458
461
588
821
396
535
715
124
834
348
286
736
641
591
520
730
412
87
537
547
233
915
176
502
231
713
705
932
956
317
512
216
349
327
890
977
548
454
735
263
965
947
223
939
290
863
258
727
637
578
311
454
464
331
985
151
173
590
23
164
243
300
894
856
690
423
103
13
330
364
273
379
833
962
53
445
43
199
355
840
799
861
857
952
986
504
835
495
528
237
362
421
273
493
229
541
84
714
70
107
618
686
531
467
260
970
115
889
190
670
931
692
707
272
335
266
104
935
925
815
204
340
361
17
659
949
983
117
874
324
531
459
800
439
464
507
805
503
972
229
82
311
405
64
736
994
931
216
4
424
16
12
556
656
889
371
746
679
593
494
515
143
338
638
240
706
617
456
503
12
562
430
192
443
141
80
541
72
256
19
516
74
692
60
984
684
752
21
93
657
386
447
556
162
638
285
837
524
368
619
844
503
785
725
746
986
266
52
652
817
525
259
302
839
878
26
233
12
178
805
657
786
965
662
291
488
57
299
96
596
725
665
422
390
164
850
521
497
713
51
837
354
807
323
651
84
877
789
467
685
72
136
648
720
295
670
94
459
202
141
125
574
370
978
992
416
694
82
920
685
753
739
111
304
530
736
985
478
698
67
187
544
850
730
501
666
517
308
324
410
680
846
967
618
513
571
10
522
518
602
316
721
116
116
995
867
767
484
672
888
241
574
696
705
431
366
74
410
525
256
530
121
788
684
704
389
436
854
164
577
460
803
45
984
204
567
238
72
205
503
675
107
489
710
192
15
215
382
45
785
158
748
334
349
561
101
490
597
169
425
210
459
838
250
361
333
205
881
325
44
240
795
385
341
418
135
874
51
329
992
361
469
298
639
278
152
14
966
486
72
625
44
845
494
691
366
216
913
232
40
715
142
873
847
894
423
270
473
66
588
155
643
283
409
215
521
858
208
590
654
592
528
619
11
309
215
165
77
916
633
410
354
844
683
107
224
572
604
522
739
389
677
636
271
227
442
934
242
216
383
969
334
305
531
329
620
515
967
469
228
123
621
648
458
699
507
359
933
222
328
372
733
1000
478
847
19
483
315
841
356
178
483
50
109
875
207
383
949
404
880
150
102
435
797
238
350
605
449
273
107
562
261
753
498
129
908
196
601
957
458
79
181
951
820
961
653
191
89
629
834
712
199
776
904
572
123
818
631
951
3
520
556
918
855
520
741
900
110
927
476
219
258
111
826
759
691
361
986
472
673
467
215
742
412
579
407
561
479
950
479
919
922
369
652
862
356
329
821
550
665
340
136
758
709
619
414
162
761
215
120
583
68
672
913
407
570
884
678
98
572
420
35
971
474
940
26
557
503
517
32
182
320
481
172
817
334
568
343
329
671
315
51
898
35
701
210
866
511
997
662
466
40
751
144
120
380
121
166
835
546
575
547
610
788
784
964
834
34
910
136
342
70
922
233
838
783
229
446
124
437
854
20
108
342
931
163
372
909
717
957
488
414
565
157
994
869
977
918
846
767
508
416
756
901
384
266
609
299
801
807
726
936
260
348
761
180
270
930
928
37
151
548
319
184
596
897
580
386
963
639
896
710
343
204
605
890
633
403
245
416
461
967
346
704
301
120
68
808
996
996
980
403
521
668
995
748
645
184
569
136
135
979
527
977
311
558
408
279
363
407
196
126
707
497
442
19
125
266
138
478
528
400
531
333
456
688
488
844
663
557
218
628
183
61
257
917
984
836
109
514
290
925
533
273
831
19
628
901
390
82
331
13
428
406
678
336
393
954
671
270
417
137
405
511
759
894
233
100
941
207
31
492
473
57
818
406
940
981
722
882
597
710
461
251
380
822
427
311
264
664
587
400
174
386
847
134
312
89
56
133
93
416
413
396
484
739
119
610
354
352
491
328
814
695
810
116
831
582
993
402
400
644
129
239
285
2
740
702
11
2
386
570
399
87
918
84
864
314
315
20
657
972
165
403
348
217
793
925
848
19
144
267
323
918
756
422
743
849
317
48
653
649
544
994
9
242
455
829
489
698
285
341
932
523
945
267
546
359
973
456
155
837
928
662
255
147
307
877
903
939
796
946
529
188
612
124
823
510
389
836
14
631
828
440
596
751
447
691
272
286
210
129
914
244
284
389
766
632
295
310
577
246
524
69
998
697
918
400
12
86
186
61
814
685
439
569
558
935
175
659
769
83
319
820
788
400
225
695
744
110
294
308
883
115
541
72
172
243
843
975
68
839
513
324
200
912
902
590
434
28
866
464
987
210
581
419
759
523
211
576
468
771
568
166
376
376
235
414
152
966
551
68
110
160
829
583
986
960
904
497
346
320
176
339
206
111
529
771
153
963
585
255
587
584
566
443
325
640
850
466
584
94
430
711
630
331
228
428
815
35
107
824
92
56
923
799
51
538
701
906
330
530
935
39
515
932
804
498
927
993
138
118
651
711
856
522
545
10
438
721
535
362
310
444
585
355
540
836
662
923
83
933
121
277
633
843
559
606
373
666
328
342
213
548
961
427
212
510
896
582
196
937
873
22
29
107
118
836
85
782
107
926
492
10
453
72
635
644
14
952
626
34
131
178
132
926
659
125
364
826
197
559
205
40
649
890
664
163
60
590
975
49
746
450
620
151
79
419
359
693
180
659
453
707
8
831
409
177
343
80
636
738
251
550
47
816
149
648
474
578
59
313
170
521
980
11
67
721
871
446
927
86
710
261
598
276
994
767
572
264
572
978
545
932
442
423
350
294
606
655
986
323
571
835
521
725
518
142
448
714
614
763
916
143
857
416
903
625
129
28
964
289
375
342
345
731
493
483
252
401
17
169
629
168
612
404
979
996
735
435
442
549
888
929
383
477
765
727
834
690
630
691
911
23
185
172
446
520
813
757
320
1000
456
576
227
892
171
690
671
161
993
347
315
304
249
173
321
617
723
306
584
22
256
188
10
63
886
420
581
495
879
923
237
855
524
749
135
990
497
194
204
784
202
617
276
591
916
345
53
538
963
183
560
591
88
575
162
873
244
504
428
754
635
335
259
570
964
830
131
413
840
426
7
824
24
45
957
446
225
436
108
643
613
598
983
585
403
639
556
843
686
776
908
388
733
645
464
1000
559
602
559
888
279
689
221
903
566
721
600
378
869
211
701
611
256
750
328
56
892
916
262
284
744
220
7
679
878
139
592
540
218
490
830
924
539
354
194
375
901
355
627
273
725
726
3
425
357
198
915
405
594
801
671
677
67
925
748
752
395
895
407
104
941
3
454
185
542
382
524
762
246
37
595
843
658
846
843
537
781
476
113
927
616
607
608
872
738
220
918
374
487
203
752
373
270
471
122
566
766
48
808
960
585
880
136
19
309
6
807
832
476
444
430
701
793
684
711
518
397
73
308
96
211
989
845
341
779
338
9
42
59
182
279
768
793
923
813
979
583
85
681
935
801
148
899
295
79
463
522
966
704
292
860
323
421
860
160
874
924
156
117
489
515
427
60
151
642
650
908
800
91
844
836
9
368
261
664
582
678
286
756
912
666
127
47
844
908
951
238
137
392
526
774
715
691
270
315
676
773
467
336
667
65
22
137
689
124
555
243
268
609
949
565
510
153
808
65
239
875
243
420
355
762
655
761
375
603
438
758
565
744
917
271
806
504
952
290
299
599
435
335
425
229
692
138
868
366
914
447
965
557
546
640
729
615
387
413
495
681
316
283
537
460
171
1
31
678
120
746
687
593
219
770
258
419
104
987
28
204
596
145
859
382
435
741
721
556
711
872
764
653
729
417
568
168
845
763
708
448
695
664
976
419
475
703
860
51
441
763
325
673
71
361
321
608
556
530
134
812
157
913
656
913
267
496
45
466
303
881
430
689
828
944
793
892
58
686
31
623
49
312
384
996
674
172
68
846
166
162
716
292
565
234
839
622
895
636
103
456
985
125
271
900
999
447
766
605
11
544
121
757
753
25
797
309
341
159
283
64
296
904
356
314
683
851
840
953
325
998
666
117
127
749
89
403
44
414
744
555
840
207
775
557
898
673
629
804
375
518
328
836
413
551
924
63
943
37
208
517
292
204
581
517
82
887
499
164
289
174
246
539
50
756
286
382
145
304
148
704
9
73
738
370
733
230
715
468
108
976
69
955
670
435
420
833
331
560
649
435
720
1
217
491
689
506
314
622
941
279
590
99
935
660
796
415
406
250
844
825
435
665
139
30
12
489
297
876
453
290
637
803
301
622
412
355
689
72
398
378
125
681
603
900
287
263
621
719
965
44
839
950
775
430
236
278
828
930
73
535
421
952
817
814
537
574
436
368
760
625
389
706
96
318
474
169
196
689
169
878
407
489
149
174
147
595
418
29
439
69
607
757
466
838
507
835
527
500
980
427
321
796
674
993
823
281
613
971
627
336
353
315
328
865
679
712
156
253
475
352
372
400
107
623
352
261
265
574
387
717
32
824
481
884
657
867
878
724
645
513
506
266
39
174
472
786
863
50
178
646
284
226
441
177
535
944
946
277
98
20
658
677
53
467
698
961
665
431
761
446
2
14
40
615
913
417
221
408
730
925
786
371
277
495
161
910
886
778
641
554
589
153
117
567
722
395
969
281
548
133
759
952
351
662
781
745
61
991
297
264
407
423
686
547
555
673
679
81
421
580
271
222
947
3
630
118
813
945
583
703
302
440
571
957
240
180
343
118
815
14
660
270
955
768
340
349
371
990
150
837
114
670
506
406
601
333
298
540
170
827
576
904
2
791
412
305
760
58
273
305
141
987
413
293
134
518
238
178
685
642
788
828
682
506
959
195
602
944
456
29
394
437
393
924
998
44
616
674
209
720
936
79
696
118
381
488
388
140
486
300
134
551
257
758
564
820
720
684
718
918
419
619
572
118
860
704
236
504
776
236
591
531
210
417
211
128
220
840
832
189
407
307
686
758
385
679
867
25
626
177
557
870
940
950
675
750
683
698
518
768
515
21
520
40
590
165
318
893
640
691
773
380
880
148
762
10
42
310
416
486
432
155
328
297
972
149
443
525
992
146
50
448
9
970
942
794
250
968
509
877
310
200
366
823
681
194
158
689
96
883
15
374
786
595
450
578
568
468
897
46
299
242
968
636
532
229
221
27
297
29
548
993
472
810
947
905
81
429
386
921
708
369
379
970
489
528
702
510
540
312
998
732
302
674
326
158
847
230
440
59
71
527
688
17
450
701
767
182
534
358
431
714
267
671
544
992
400
957
154
548
613
950
570
927
790
777
46
760
208
742
92
941
867
901
677
746
969
754
85
883
274
358
57
526
436
452
253
826
663
618
743
5
138
944
501
279
68
370
895
23
974
641
845
755
83
641
427
762
595
526
570
329
366
956
714
102
668
568
398
485
969
16
963
793
53
21
399
546
680
991
938
647
691
431
991
42
566
379
338
99
1000
410
67
984
656
505
337
250
202
222
685
808
545
363
315
423
183
21
568
658
608
385
276
416
746
755
214
980
928
37
598
674
88
258
911
305
617
967
986
679
232
264
125
411
107
451
570
634
784
388
543
273
862
1000
364
953
611
8
629
271
281
771
358
247
791
73
168
469
700
39
33
948
60
961
728
829
666
91
275
943
391
24
502
768
255
821
914
330
446
452
714
533
967
54
796
39
419
61
541
333
616
235
754
416
873
570
81
483
391
296
80
953
992
723
702
819
93
862
493
594
65
901
950
628
769
223
636
868
639
726
943
785
749
306
283
518
366
999
878
819
294
351
781
456
884
847
25
997
524
832
630
800
526
349
778
20
278
235
470
349
805
551
477
553
917
623
798
604
686
193
937
286
649
936
117
31
337
69
940
858
434
936
734
539
209
356
352
739
565
794
780
401
636
687
173
68
890
457
983
532
577
654
969
531
898
871
569
173
697
496
355
504
410
464
766
106
975
769
208
833
375
388
45
272
415
495
899
485
684
702
502
555
362
785
368
404
829
631
914
567
87
978
516
869
174
888
281
565
965
302
54
431
934
898
918
853
542
303
326
778
224
327
917
598
79
71
558
523
74
6
143
949
337
725
411
770
893
117
619
117
379
671
510
182
692
900
693
361
359
237
293
747
235
597
418
738
112
307
546
848
720
462
846
659
226
774
319
303
544
186
819
755
5
400
853
967
139
667
418
513
320
605
256
211
736
203
608
213
904
47
978
829
528
964
873
444
121
192
226
396
726
840
829
738
139
249
173
643
331
387
872
738
38
214
777
938
798
246
830
614
922
297
259
435
1
618
653
576
47
850
524
565
873
34
169
958
740
861
604
134
99
927
119
176
209
175
447
311
62
412
396
541
313
560
224
437
156
808
255
266
784
889
671
117
828
988
261
303
612
239
949
239
44
571
245
153
347
306
519
82
422
2
356
236
664
33
30
499
267
150
952
733
203
75
931
349
453
312
440
237
643
934
36
62
203
866
393
754
43
40
871
503
913
401
335
748
712
50
844
7
688
838
421
471
616
384
711
431
484
803
403
743
251
71
425
7
303
99
548
199
274
243
50
754
405
4
282
665
908
826
157
145
589
541
842
785
155
172
220
178
665
467
560
651
509
96
876
422
443
512
859
309
408
855
516
186
714
726
681
695
964
761
418
686
264
433
300
536
465
157
430
947
22
588
124
686
761
775
166
384
422
424
408
169
777
268
193
771
49
49
566
383
837
479
892
434
897
99
167
204
504
39
852
680
45
804
752
288
935
490
960
126
687
777
566
902
748
245
927
311
703
779
876
797
772
763
122
323
780
134
600
811
957
735
488
363
505
388
44
604
748
446
680
440
317
135
149
676
658
657
100
373
63
45
919
4
895
286
89
844
197
858
483
789
660
437
303
739
15
801
366
516
269
974
642
347
447
936
801
958
540
929
277
874
666
291
415
872
525
600
600
612
500
961
363
68
96
112
634
180
563
673
841
405
125
246
377
53
193
556
37
257
867
537
942
348
812
890
364
442
271
297
825
224
206
226
25
154
935
662
670
20
124
192
385
94
952
204
682
566
995
290
330
41
580
304
973
605
395
188
195
588
470
816
260
748
480
585
256
507
368
195
327
881
491
279
392
488
929
272
787
757
228
137
443
786
861
228
520
428
120
63
567
438
690
576
923
685
588
477
796
507
991
415
649
596
556
687
175
890
139
926
71
231
935
181
819
392
890
131
519
734
580
528
596
408
512
813
176
389
677
254
178
102
337
666
874
676
755
872
702
707
589
585
267
525
171
524
7
97
672
890
118
682
466
285
670
203
948
983
424
501
299
433
255
374
745
695
9
416
563
974
655
160
139
223
827
457
363
806
955
956
223
268
855
517
112
393
294
266
597
83
697
445
469
271
808
656
938
769
603
737
605
267
495
131
334
120
107
190
967
63
516
693
300
354
156
788
44
965
813
480
583
224
41
119
600
572
743
294
968
761
893
984
968
595
181
924
286
62
213
285
836
414
589
315
606
292
870
559
136
894
292
673
7
928
584
215
833
707
236
433
758
296
247
766
679
701
501
772
245
9
641
767
293
997
455
147
269
72
738
274
549
19
477
875
238
171
557
531
161
345
811
93
215
843
393
909
382
492
182
867
996
285
324
554
138
471
768
899
36
514
209
574
44
441
611
583
40
428
84
693
356
289
649
235
961
661
706
897
366
911
324
729
50
639
424
811
678
245
145
833
233
22
424
912
28
586
808
18
339
166
655
399
400
730
499
104
199
818
513
586
104
27
577
416
438
120
935
404
322
413
388
598
774
247
848
872
225
743
153
356
212
288
977
331
749
385
862
598
16
387
607
736
426
528
55
973
229
206
877
187
756
842
477
255
546
225
41
58
197
176
153
866
695
238
707
48
21
81
580
584
737
173
236
68
991
313
555
161
272
314
576
393
827
234
433
211
871
963
43
221
203
643
245
37
921
837
511
3
382
572
898
34
955
838
148
941
457
659
621
815
973
936
344
200
756
849
476
837
577
977
870
226
937
681
427
182
961
149
925
497
611
239
551
918
52
456
656
775
193
956
769
357
308
105
430
96
334
900
44
812
917
647
655
382
909
842
1
170
21
318
23
293
392
682
161
628
434
347
160
203
887
66
933
350
240
810
327
995
472
969
893
186
601
170
612
1
169
529
745
509
112
920
142
353
962
546
598
171
835
324
389
39
587
102
463
340
548
489
21
840
640
150
227
324
752
686
82
514
428
735
700
223
328
86
353
353
635
700
406
270
785
293
492
653
592
772
552
740
352
671
543
368
465
286
642
228
419
972
541
261
441
551
64
81
495
759
352
664
470
846
865
524
846
998
550
729
276
29
955
418
113
275
455
935
884
935
748
934
798
322
178
682
280
233
631
729
729
873
186
551
394
233
469
478
469
120
760
11
930
19
388
355
567
9
904
876
937
344
227
630
973
378
786
102
826
462
73
471
149
312
15
373
263
262
612
230
403
397
690
24
932
163
669
207
152
270
564
775
381
541
528
65
135
710
408
506
489
25
487
489
500
986
37
484
616
176
50
183
479
924
361
318
990
588
922
380
263
961
160
5
757
710
529
847
804
388
575
880
232
162
413
263
6
907
959
1000
255
478
500
236
212
532
751
960
10
59
285
719
687
245
742
204
560
558
394
88
87
874
84
68
127
310
812
945
301
517
71
800
946
126
146
386
969
570
459
249
342
973
603
821
975
196
286
413
78
48
51
704
218
201
864
583
108
485
599
325
602
158
12
677
244
978
722
872
939
199
104
451
701
393
183
227
250
244
734
152
570
695
565
619
40
752
28
533
913
654
899
186
244
183
957
421
321
122
533
56
483
733
596
603
243
943
485
292
596
648
796
617
819
412
228
533
369
144
641
986
682
535
687
323
533
219
386
128
973
272
251
696
391
796
978
619
917
474
67
681
31
647
286
890
978
366
580
251
812
671
896
945
449
166
599
513
406
19
697
515
281
584
469
909
249
159
101
507
574
469
566
423
321
288
66
286
525
406
987
175
658
396
560
932
992
312
436
61
366
409
29
456
900
370
442
407
987
79
463
433
919
681
871
272
612
174
884
705
659
625
700
9
241
560
128
778
41
88
504
951
713
126
907
544
11
85
666
211
403
496
230
923
93
275
188
513
211
834
471
891
4
954
173
23
22
95
612
338
946
135
474
423
125
790
885
257
281
669
188
170
319
284
969
855
928
534
406
954
426
334
656
119
327
130
167
600
38
894
493
57
585
284
846
10
299
271
83
932
66
503
36
364
564
994
426
220
233
989
368
993
427
415
222
271
192
565
578
143
477
981
135
891
788
389
494
259
563
491
288
933
154
900
692
140
867
44
868
83
904
301
228
640
969
313
84
826
699
261
892
818
605
473
327
572
312
503
706
65
311
28
154
851
853
150
250
876
193
186
181
343
553
382
144
90
703
879
853
28
515
735
270
55
410
850
345
638
810
384
541
81
72
686
391
402
319
928
186
923
270
340
467
18
678
346
207
47
31
961
832
847
622
967
380
24
527
906
108
959
273
825
974
366
541
944
813
65
635
562
991
253
258
79
93
517
322
136
64
819
533
406
412
377
242
562
667
570
68
97
2
913
448
98
332
642
411
1
142
643
608
485
354
882
727
701
904
517
1
683
827
906
802
392
889
433
890
313
882
283
615
55
167
766
204
989
246
539
267
543
247
736
317
970
788
644
965
896
17
115
860
614
237
403
881
618
118
480
509
860
544
805
112
67
764
774
363
579
984
608
205
627
906
690
755
134
332
75
467
986
501
915
238
269
342
505
104
759
533
721
323
72
268
727
707
175
834
280
487
226
681
117
388
42
861
550
575
348
695
410
238
119
820
831
290
347
565
541
486
369
242
448
639
82
208
662
189
599
856
816
741
356
904
66
67
177
252
83
74
369
929
407
180
654
558
925
984
908
830
843
474
687
210
687
684
890
708
290
644
566
316
638
868
715
761
32
606
542
46
766
469
578
356
599
626
121
358
801
716
405
4
778
473
174
466
960
318
421
451
850
86
556
181
849
223
598
610
131
452
228
294
503
648
444
201
10
402
46
432
214
280
591
187
493
516
838
166
314
28
515
760
968
849
837
433
550
735
464
73
844
543
755
656
56
912
462
88
575
492
551
643
330
390
966
817
907
12
689
938
444
680
180
653
608
277
460
195
185
530
726
641
706
653
737
576
527
446
810
910
955
361
571
1
97
737
924
456
965
940
756
390
792
268
12
253
980
389
977
963
352
396
886
570
554
556
215
5
138
385
523
989
517
146
902
87
922
185
684
130
574
264
454
626
53
307
241
555
691
121
593
259
126
471
671
542
819
963
627
221
242
443
247
671
148
49
478
547
5
342
641
170
254
984
944
723
758
468
267
32
446
10
235
756
724
594
248
546
986
392
804
481
842
413
28
969
910
7
234
85
606
404
947
167
377
737
345
858
115
738
961
548
81
520
240
443
500
375
769
668
539
757
341
334
186
155
770
667
298
210
289
147
740
240
60
415
495
851
232
319
472
759
884
441
348
595
283
55
351
583
832
92
735
216
569
322
659
926
235
339
625
441
856
801
424
63
748
500
761
270
726
375
569
907
336
883
556
843
866
732
621
848
94
613
472
260
507
603
369
189
159
333
789
197
574
305
281
513
266
128
241
713
994
442
577
331
701
184
544
778
583
694
247
635
310
935
740
349
146
711
76
433
294
27
972
734
795
855
985
718
763
511
906
510
694
59
873
45
265
937
178
517
166
492
630
464
800
720
321
178
579
491
412
166
462
845
947
342
706
85
8
619
994
462
243
245
344
443
321
570
684
614
705
346
902
191
260
249
806
447
180
723
444
13
420
602
485
443
158
269
308
949
958
835
268
243
859
349
608
91
13
266
978
612
737
110
815
442
698
774
488
575
437
173
736
230
225
694
745
388
643
394
990
358
26
82
782
319
516
41
566
389
674
70
273
852
647
491
318
504
22
589
483
24
143
20
732
965
561
192
260
359
416
584
64
891
682
226
481
291
682
725
916
243
633
77
350
642
768
420
684
488
209
960
622
864
346
702
477
508
24
61
420
15
240
909
299
217
271
860
718
629
654
821
130
390
779
304
44
646
560
934
944
392
134
811
783
661
340
801
368
414
103
204
144
518
325
816
679
882
74
284
922
383
319
610
323
326
346
553
716
846
672
183
114
357
738
186
696
382
535
847
558
462
409
131
315
117
914
386
360
755
454
725
129
104
585
863
110
702
856
650
788
893
322
919
1000
509
527
107
373
40
683
575
699
647
84
725
215
677
519
848
138
960
859
840
804
421
156
533
384
653
116
80
274
211
683
371
881
965
366
167
125
76
221
792
418
205
499
568
316
381
536
422
397
794
232
927
506
184
794
979
497
714
698
305
942
799
986
884
267
401
521
570
905
644
487
66
48
699
302
906
710
70
487
242
505
404
607
253
424
778
602
519
635
56
824
840
645
511
902
770
515
961
281
199
828
520
604
860
77
565
203
842
287
263
606
103
318
39
194
199
895
509
667
962
735
952
369
255
349
629
233
783
994
967
693
200
520
998
617
590
761
141
782
296
657
27
178
669
289
268
562
136
705
883
524
262
469
244
900
634
660
493
491
275
411
453
842
859
302
911
172
491
198
464
86
303
168
791
953
96
91
131
227
953
214
108
66
774
548
13
52
101
629
806
790
292
381
490
493
905
695
174
124
161
656
674
986
207
600
699
250
650
941
978
337
247
201
507
637
767
930
636
677
80
478
282
592
677
669
707
433
527
835
870
332
767
474
12
745
504
826
863
268
776
692
950
691
255
652
113
381
115
502
802
956
765
526
87
207
612
133
881
840
538
378
762
806
745
891
530
885
530
950
697
714
101
954
426
544
626
661
761
569
283
125
722
885
239
529
43
504
78
733
292
500
970
340
329
326
241
677
615
874
974
996
910
184
99
626
105
209
163
900
422
989
956
964
191
614
656
628
430
541
860
977
308
572
567
301
402
269
567
778
391
533
939
664
570
65
819
372
441
150
483
537
626
982
55
432
418
843
322
519
279
339
852
732
164
31
82
983
60
427
818
925
964
777
312
785
210
652
834
691
588
693
764
88
934
344
97
44
517
157
487
948
113
74
259
294
410
62
591
313
830
851
461
631
117
283
764
912
785
642
78
880
935
565
962
64
229
728
88
822
7655
