2831
49
459
853
852
600
973
176
594
955
204
850
755
931
236
760
716
455
220
772
461
126
934
174
217
353
508
478
48
654
628
427
221
416
907
512
781
905
463
392
899
670
804
114
29
564
922
248
180
639
665
510
17
558
513
379
636
823
173
871
267
873
495
426
884
568
70
698
855
872
954
681
198
650
72
369
699
915
788
668
333
773
102
238
443
764
141
649
423
280
304
532
241
757
27
295
560
451
598
520
281
375
420
432
421
688
301
531
353
881
400
576
444
576
425
392
300
496
951
356
621
291
867
62
872
132
391
176
163
317
173
616
708
406
95
908
911
313
298
447
773
812
540
709
687
908
466
220
21
431
266
480
105
255
143
662
276
659
148
256
193
949
142
582
24
918
947
121
570
186
327
514
227
854
927
780
856
833
882
367
272
727
284
791
117
560
195
531
933
733
902
388
709
580
958
69
788
750
334
872
550
351
285
324
810
79
19
46
553
834
536
129
265
658
202
554
661
483
525
876
327
744
786
552
961
533
852
480
556
331
502
105
827
272
601
104
330
584
121
95
350
881
517
103
358
721
768
605
748
485
423
338
359
39
613
730
592
480
643
369
546
867
20
102
22
174
498
460
15
966
542
497
362
47
834
362
84
637
696
220
226
327
406
949
683
463
738
264
34
252
433
413
527
517
698
446
469
56
586
232
463
222
135
925
255
580
57
699
568
113
965
783
661
508
294
288
675
937
577
294
709
545
725
258
188
769
228
406
795
320
849
151
69
475
242
351
279
859
696
373
101
689
605
374
514
231
419
896
311
694
899
8
256
989
812
195
575
316
509
388
646
873
945
270
10
490
910
736
608
739
55
55
110
3
154
937
403
987
888
121
484
798
980
862
474
784
317
397
284
935
809
997
891
35
129
92
704
476
223
367
738
870
838
76
305
771
949
649
754
548
319
657
340
496
225
945
345
926
992
61
930
42
128
635
838
709
201
433
81
709
526
348
165
581
165
451
234
189
987
891
906
172
40
774
731
188
490
715
2
226
999
711
445
207
682
535
48
5
884
579
245
329
513
588
731
199
144
839
850
156
20
874
814
460
275
656
44
239
384
742
208
210
183
854
43
99
875
489
133
989
300
622
632
121
883
264
340
999
688
510
332
298
645
542
912
853
963
993
48
562
724
618
92
548
457
329
992
351
247
474
450
9
538
943
428
501
120
867
22
787
399
107
336
635
460
474
438
12
481
925
866
348
125
592
223
127
353
366
360
670
33
54
463
248
878
696
436
254
243
537
541
978
544
467
165
184
626
914
977
435
169
926
14
750
813
677
139
394
422
544
483
481
244
162
766
100
808
77
361
315
892
910
359
968
467
962
572
773
876
165
275
983
334
409
96
860
559
476
794
431
36
293
318
814
231
687
310
384
328
613
185
544
32
553
299
90
328
682
923
76
677
693
532
227
820
124
88
852
344
358
517
36
545
954
52
868
262
445
665
353
364
726
886
863
225
822
259
967
461
143
436
740
126
974
20
362
866
58
426
52
915
733
213
656
344
565
44
38
799
68
630
785
64
583
5
976
477
828
419
484
18
63
456
364
903
333
890
890
989
204
763
715
5
21
264
34
496
586
334
761
51
943
54
218
542
864
179
336
285
261
974
52
360
77
129
484
188
259
540
432
362
533
393
272
159
46
663
589
262
106
498
439
160
105
209
731
493
510
431
394
96
706
236
642
105
484
624
863
284
469
231
519
644
923
799
701
289
369
932
571
263
994
577
361
766
833
40
15
576
571
832
103
605
365
674
582
25
206
716
87
515
502
335
121
113
870
432
646
282
165
426
641
946
962
824
499
897
989
29
565
286
993
735
366
524
66
922
366
583
263
998
193
774
612
709
899
255
552
48
442
692
604
705
314
575
39
306
594
756
23
26
995
1000
850
183
762
605
303
395
797
56
871
116
772
393
647
277
732
68
267
729
4
475
224
365
280
190
57
561
998
866
547
503
336
672
223
730
367
969
536
617
894
683
123
787
282
345
735
83
950
449
249
540
66
380
918
616
438
7
533
891
140
5
192
457
323
97
365
747
937
228
968
906
973
671
140
465
302
935
349
514
408
957
686
713
51
745
307
794
669
9
27
647
915
199
500
375
23
116
915
245
447
935
849
877
20
500
21
891
961
568
847
761
417
61
189
369
318
778
799
20
786
691
334
103
434
83
207
755
734
946
173
869
899
389
380
663
551
822
912
247
597
519
624
626
223
219
134
104
199
746
137
664
436
906
891
994
283
212
750
45
550
166
230
577
135
778
445
196
169
786
85
161
113
569
269
937
252
480
17
637
588
493
98
57
502
939
571
413
236
88
89
501
229
59
513
943
585
30
585
337
587
745
523
368
101
6
575
467
703
324
938
304
253
185
801
932
474
229
116
984
887
701
561
100
816
967
346
166
943
66
412
408
39
103
196
897
972
641
914
622
39
339
239
910
925
178
690
89
680
944
571
133
87
416
257
818
141
769
829
762
913
478
328
112
408
225
187
386
888
317
35
825
515
232
452
982
185
611
875
657
73
380
800
621
752
708
970
814
94
33
336
816
167
314
582
575
619
721
652
880
747
908
129
552
211
127
589
649
241
574
111
411
543
134
156
291
847
625
411
962
356
351
354
323
600
905
867
128
244
487
462
562
20
765
894
235
191
84
728
202
573
663
325
619
675
156
484
748
647
307
737
390
593
346
510
920
622
621
666
259
171
87
563
116
637
642
927
348
863
486
532
95
691
259
783
436
319
703
737
784
260
240
69
466
923
770
759
618
28
296
249
486
388
844
333
255
987
168
815
616
519
147
651
694
177
61
581
899
876
615
903
91
479
14
429
128
76
614
56
138
229
507
163
50
738
156
117
469
604
672
274
248
923
431
792
757
988
506
249
366
928
824
370
448
823
260
290
5
907
65
436
747
257
507
196
876
380
861
956
163
349
758
355
982
765
768
630
485
1000
691
767
850
32
169
919
72
645
510
623
460
594
525
956
153
394
27
947
974
533
13
441
201
949
325
188
671
310
435
887
957
877
319
402
909
9
578
802
520
724
282
739
173
949
320
673
951
69
916
454
202
652
709
221
607
641
977
600
937
132
785
659
696
439
120
562
253
538
548
288
525
970
916
1000
15
40
843
780
70
458
428
506
8
841
926
321
349
49
397
618
841
691
589
189
399
249
528
925
323
279
245
963
492
170
692
579
384
169
182
123
28
267
843
368
89
110
632
303
120
32
888
839
245
866
11
645
821
193
742
809
953
377
905
133
440
166
585
984
3
851
921
492
202
383
35
850
120
914
539
655
645
593
764
341
524
637
464
951
280
691
675
784
102
974
437
735
987
86
395
624
55
901
789
122
94
96
197
255
171
349
113
969
912
90
334
560
805
76
398
138
479
168
489
87
719
459
960
377
917
908
215
751
253
718
903
84
628
651
887
788
462
62
674
826
60
38
181
355
184
424
138
110
277
412
832
362
899
304
445
960
754
704
581
487
605
253
278
420
893
566
509
83
239
245
772
153
300
656
51
45
556
142
309
608
275
455
771
942
761
742
683
134
465
389
504
717
917
91
633
805
217
468
119
340
471
725
762
585
946
87
855
411
951
215
987
775
884
795
756
57
235
384
351
278
882
149
637
322
249
101
187
478
255
919
86
862
544
428
958
865
341
516
229
551
227
824
486
485
925
48
656
459
303
166
458
414
242
722
243
78
27
603
677
168
978
412
790
26
442
255
434
240
530
277
402
493
152
984
465
388
667
279
447
863
19
134
419
450
699
751
760
727
645
490
51
229
340
677
16
484
230
119
509
29
296
742
163
421
283
276
900
64
272
785
990
422
717
613
151
323
407
239
260
258
948
391
486
942
376
786
420
828
610
421
799
226
552
827
908
220
576
943
332
620
407
798
23
278
781
772
915
957
408
173
718
775
49
421
333
161
646
489
759
966
342
901
6
328
750
531
762
926
205
928
434
296
887
590
409
418
928
546
198
394
643
770
845
505
810
779
139
494
549
658
629
443
414
626
324
538
611
107
180
924
174
214
571
306
450
345
683
481
216
755
123
684
105
970
92
777
140
417
699
212
591
44
263
524
327
807
585
360
669
400
755
318
439
693
2
945
964
28
78
993
947
595
614
450
785
592
509
533
192
967
390
41
862
977
493
692
23
976
915
712
830
547
587
871
170
880
419
687
507
536
261
175
206
125
158
337
936
124
619
878
267
144
61
835
456
38
634
976
763
1000
296
521
828
813
652
182
176
297
462
579
90
783
615
453
752
445
82
91
318
75
949
393
207
486
982
38
945
362
930
12
352
196
247
976
963
312
435
903
144
802
943
773
284
405
495
136
643
592
972
771
464
273
811
27
263
140
87
207
79
971
632
688
113
226
137
619
928
664
801
890
276
938
796
600
191
306
27
62
240
535
36
801
598
954
666
56
821
435
819
40
576
723
213
424
557
107
407
917
646
73
128
8
146
838
433
174
629
817
838
134
666
883
853
412
883
570
124
875
72
56
304
307
559
860
731
811
258
237
508
558
627
454
963
932
205
690
182
766
863
828
383
485
125
562
97
512
427
369
509
695
299
727
441
517
125
680
858
832
401
937
14
742
744
92
968
210
326
18
495
370
564
18
837
935
642
405
390
481
843
578
833
189
400
896
559
113
880
610
308
378
332
879
567
722
785
666
568
933
924
831
358
26
697
373
925
462
903
588
907
444
465
171
944
989
885
995
262
783
122
322
893
599
307
266
759
832
541
478
109
505
968
542
921
598
671
428
999
954
993
724
515
837
797
259
862
126
43
651
491
454
699
477
791
144
136
224
704
969
19
223
635
160
360
427
644
928
442
787
176
640
658
908
364
4
244
182
621
870
367
294
525
333
607
395
541
721
194
527
526
928
429
523
522
530
577
309
267
557
477
875
143
481
239
867
775
758
488
1000
621
265
535
677
787
481
255
38
878
791
945
702
406
367
981
823
628
332
396
670
289
716
409
581
914
800
520
422
630
111
804
260
550
816
122
737
539
254
276
363
578
6
926
810
436
717
624
290
758
133
771
186
517
672
360
277
932
244
81
206
298
619
90
559
433
251
187
205
168
429
55
816
74
236
338
569
947
823
244
868
189
580
587
175
250
716
416
695
830
609
155
167
660
486
325
607
437
64
932
999
23
392
789
652
607
863
954
103
292
744
884
536
842
71
161
407
37
19
163
354
295
661
837
170
954
728
943
12
646
408
685
977
778
415
35
315
328
62
577
236
217
262
64
565
705
178
186
360
924
175
271
177
494
616
621
979
814
865
147
7
72
48
801
244
357
897
791
420
943
654
176
822
279
366
446
510
17
344
630
950
727
420
486
989
593
350
416
569
51
721
328
248
386
203
525
116
608
270
831
931
758
815
610
462
21
794
55
239
64
324
119
770
911
193
245
891
217
584
216
964
620
782
5
126
253
564
915
139
729
89
865
93
748
495
329
866
296
783
37
512
680
914
210
348
866
259
133
400
892
587
600
958
497
576
214
59
145
334
120
166
981
52
729
280
590
491
357
103
36
42
751
645
566
548
334
23
147
48
680
6
238
930
947
291
775
992
389
490
330
271
75
173
173
141
308
425
426
4
691
53
290
721
517
943
92
371
221
592
124
686
862
103
235
751
119
324
7
405
131
316
967
176
890
974
821
900
169
752
473
438
657
706
69
101
937
298
58
854
636
668
250
753
190
351
993
288
301
441
435
909
827
749
260
16
725
758
281
399
296
174
914
996
32
682
158
283
954
704
12
442
449
989
513
796
438
588
435
514
865
54
213
814
672
107
559
762
496
108
642
269
471
715
153
759
645
823
505
486
664
975
331
800
742
630
665
993
615
795
835
545
679
774
539
225
442
795
458
447
486
646
181
199
937
548
488
314
358
762
808
892
754
831
626
160
794
94
848
149
349
521
5
728
958
60
429
14
986
52
871
763
863
307
205
286
890
13
712
224
460
258
823
434
977
710
545
706
508
179
450
358
1000
826
859
126
413
144
483
638
977
196
336
243
697
502
519
92
132
419
234
498
753
737
392
28
38
307
227
397
238
549
101
595
92
703
57
838
702
255
632
764
745
367
178
329
484
43
202
784
410
628
699
45
340
610
438
313
716
34
24
53
503
638
792
762
167
1
371
500
832
489
57
718
3
173
545
546
690
907
915
644
569
683
869
745
984
712
825
904
343
37
697
762
970
795
144
317
408
228
190
438
311
18
533
704
840
22
860
268
927
342
383
390
326
323
416
707
489
553
468
34
951
822
962
433
263
70
498
912
764
152
246
197
902
431
853
339
605
616
615
601
820
915
953
87
248
18
965
2
705
326
641
383
721
537
731
916
553
895
387
196
303
193
287
343
947
755
541
120
300
559
255
522
569
363
684
152
259
405
5
1187
