3003
34
840
113
935
382
352
526
248
337
436
729
510
319
700
492
214
504
940
91
161
266
199
279
775
860
833
189
171
608
773
354
832
365
547
200
274
777
294
499
612
770
138
405
945
382
408
123
935
947
299
242
587
370
690
7
409
883
755
799
659
785
107
737
729
16
572
175
521
752
496
179
919
733
295
699
421
739
567
902
355
658
833
660
523
467
977
914
982
284
394
899
578
717
113
667
193
20
367
415
192
845
792
271
95
722
754
473
924
276
820
489
280
164
21
343
222
133
786
986
629
546
176
238
830
240
382
577
79
9
663
880
428
121
819
440
116
855
153
258
224
984
262
253
686
632
233
38
936
751
14
660
355
397
142
634
884
379
916
666
921
712
742
730
5
603
359
180
1
486
180
824
860
690
868
378
20
141
568
531
608
77
701
91
360
1
567
989
651
871
909
170
739
214
128
911
984
75
202
132
188
68
454
729
134
983
802
810
537
792
775
520
320
487
285
393
808
948
899
475
798
763
282
119
302
508
696
573
911
335
599
510
398
571
339
160
126
885
764
982
205
291
700
601
801
271
740
821
181
122
96
966
263
510
229
241
809
370
165
225
539
64
368
862
683
72
711
374
580
187
440
457
331
506
504
579
230
762
51
809
138
756
685
976
288
196
986
711
908
843
224
939
910
816
587
22
818
419
818
851
965
990
952
772
595
758
793
746
246
660
559
886
979
708
923
699
210
683
687
167
844
161
619
980
411
141
583
579
264
462
559
641
307
683
995
188
61
591
27
759
741
155
97
933
332
878
68
573
446
815
661
229
654
732
30
768
408
544
881
121
412
322
63
56
48
12
272
488
469
671
758
363
94
588
424
860
596
293
369
334
362
384
203
930
304
79
714
564
798
12
366
345
613
321
124
943
636
57
432
517
917
251
827
681
66
503
955
2
8
948
99
113
406
836
463
425
482
347
819
413
789
970
87
490
132
998
844
972
712
836
1000
55
390
389
957
706
54
783
105
53
431
505
161
995
954
844
356
149
535
669
414
868
458
860
708
86
777
418
315
466
444
130
166
770
477
910
813
316
283
924
328
340
692
374
306
729
352
191
907
2
608
912
593
298
996
605
639
393
847
570
87
653
906
746
524
669
200
466
390
637
109
747
126
656
848
273
504
700
769
883
817
933
833
729
892
557
446
27
327
251
202
462
276
334
683
966
538
747
770
341
473
165
800
7
270
609
665
317
870
226
98
759
118
320
360
709
625
826
933
188
155
684
931
684
933
86
885
688
333
115
407
170
40
60
702
776
182
421
311
436
995
213
667
202
645
316
142
890
139
859
30
959
991
228
344
675
263
657
346
733
482
832
492
724
892
690
810
772
311
112
892
957
726
712
914
197
162
473
511
687
819
600
861
657
372
431
148
663
971
928
228
524
302
404
370
647
783
809
302
982
646
540
523
25
201
875
609
121
966
904
193
612
501
826
338
140
1000
564
255
460
490
5
158
990
204
412
503
850
483
367
429
890
638
328
18
798
643
15
438
12
814
923
528
847
33
706
917
211
370
729
979
143
587
545
933
406
684
791
240
961
786
421
812
192
936
455
897
215
267
585
954
65
661
738
327
795
197
221
654
959
989
80
543
773
163
694
902
549
497
829
442
248
59
197
608
836
71
201
694
807
229
215
875
176
270
289
795
115
273
806
231
975
233
922
754
878
343
880
783
153
330
806
24
918
754
476
57
415
888
155
736
554
559
374
255
600
20
533
586
941
769
815
167
197
609
995
258
960
47
80
598
973
706
63
702
959
626
787
393
581
131
794
304
859
424
222
869
76
442
549
536
676
933
497
620
96
18
288
796
39
371
440
433
47
458
720
876
192
196
183
614
847
44
43
254
897
144
733
580
229
618
591
113
597
996
150
886
986
611
621
286
991
205
272
38
173
395
558
988
205
564
587
719
378
349
628
612
810
502
469
308
814
408
367
566
611
758
498
240
441
946
772
946
961
532
988
216
71
187
332
578
265
138
642
398
687
172
326
197
290
983
797
318
232
712
912
460
697
471
574
82
761
281
784
17
777
971
584
554
519
737
919
607
328
473
515
676
493
475
529
270
726
613
265
928
279
953
48
203
756
178
913
209
778
147
336
153
938
750
249
207
271
254
490
955
630
324
32
894
421
931
149
538
423
315
332
730
3
991
849
427
768
952
469
280
729
558
794
440
821
634
369
74
681
607
596
406
824
591
894
998
387
266
21
176
855
759
847
821
245
409
518
578
633
600
316
863
96
354
882
993
785
484
306
81
723
43
206
632
757
854
801
724
894
701
363
368
419
339
409
502
88
716
186
969
632
153
309
936
975
791
925
874
651
8
643
183
833
704
476
935
631
708
654
869
833
172
82
311
315
599
984
427
515
109
861
71
864
605
785
923
501
721
891
465
772
139
956
63
54
578
912
79
362
929
721
842
175
553
468
467
840
894
950
588
653
207
383
863
157
625
208
962
496
220
775
22
245
892
608
708
778
313
604
293
787
756
404
172
882
814
368
933
701
762
20
584
979
650
304
195
761
124
891
688
900
228
751
28
503
135
640
346
910
44
452
366
778
748
691
869
299
98
486
351
741
949
842
141
891
368
703
21
736
741
574
252
750
803
118
328
669
884
173
318
712
492
272
585
646
732
371
456
146
995
78
376
639
584
759
459
642
14
260
609
750
410
623
955
106
61
512
630
266
424
258
484
972
850
202
975
320
513
430
711
550
693
328
121
136
49
228
551
834
789
291
727
62
914
867
320
641
878
220
751
590
38
84
146
546
117
161
467
660
663
44
937
171
169
849
78
720
947
197
500
443
688
428
424
398
949
116
273
415
446
576
334
450
351
548
247
800
811
911
348
461
545
931
177
214
891
778
176
187
531
138
614
731
171
911
145
467
894
633
576
966
46
134
982
302
650
699
817
94
715
148
751
714
607
506
741
596
289
564
785
276
404
15
891
226
191
823
931
618
323
261
142
22
777
273
92
685
87
40
85
88
871
958
960
110
56
184
164
753
707
198
718
763
294
135
494
939
918
879
529
43
41
259
541
578
443
869
131
772
772
654
369
677
269
307
221
533
785
767
695
922
722
922
418
855
140
74
113
26
124
612
899
77
548
898
224
815
398
196
75
481
986
400
473
655
49
847
415
799
321
411
934
696
515
291
673
92
662
564
128
954
11
337
489
203
160
921
288
355
125
395
694
348
562
292
848
472
61
777
592
750
665
189
446
507
662
391
679
193
643
809
737
762
658
153
207
799
652
318
436
481
441
88
97
223
748
235
728
864
267
939
97
639
517
496
334
611
872
754
341
791
761
234
506
640
122
207
969
399
344
68
194
425
28
403
129
980
357
421
42
814
770
163
104
461
11
698
237
634
634
27
861
876
859
658
840
487
485
613
890
793
110
184
955
118
770
998
841
230
426
81
549
992
510
461
159
843
264
458
86
950
726
500
533
793
103
968
300
562
430
793
500
659
771
802
760
163
263
659
172
95
430
414
493
49
668
642
824
197
584
69
424
337
61
719
290
688
586
496
221
101
161
915
958
497
884
68
44
560
871
658
468
577
871
174
379
567
579
887
241
859
61
447
704
523
481
501
534
302
832
855
61
884
870
513
697
13
719
838
921
506
302
671
742
529
852
564
164
372
980
184
422
733
529
762
731
81
673
866
679
192
200
685
386
144
176
615
614
495
475
333
314
852
888
385
427
775
342
229
527
716
963
274
689
270
235
101
725
348
821
915
699
165
110
598
161
943
797
413
552
452
195
478
681
885
745
561
24
760
952
968
917
376
873
152
710
867
756
339
880
503
491
775
410
320
723
90
524
699
601
237
753
112
73
59
93
325
497
622
43
666
517
231
530
316
464
696
511
515
288
672
33
564
528
90
247
309
375
738
865
476
707
828
298
45
980
26
874
465
882
419
213
769
229
512
454
468
57
130
838
710
328
372
938
85
672
710
601
111
867
129
664
930
505
321
491
995
209
17
876
210
868
230
618
403
72
593
593
111
243
956
484
528
126
665
833
977
12
778
862
423
948
674
463
600
780
380
202
683
990
128
666
590
131
277
538
281
809
522
673
450
522
525
176
71
724
125
368
93
239
753
356
54
647
288
286
392
632
398
730
775
451
211
925
597
631
794
738
885
978
990
272
219
317
872
498
507
504
619
126
542
895
210
482
372
672
502
4
76
914
730
659
262
495
285
146
938
754
293
672
459
666
860
510
860
226
61
615
533
829
525
251
512
302
72
11
614
600
266
548
621
815
111
592
19
44
324
168
674
315
134
249
588
644
456
823
212
493
727
745
268
62
958
575
59
594
965
442
890
315
770
996
307
847
327
559
22
310
133
602
917
140
665
55
570
104
343
257
728
307
144
913
149
820
602
943
23
14
299
415
838
389
877
866
530
400
559
809
439
611
858
607
47
280
183
92
851
762
346
56
875
742
475
272
982
494
610
303
879
70
624
478
764
317
713
879
721
881
326
162
820
592
178
145
54
494
519
217
992
113
252
642
474
507
156
895
396
747
519
457
823
417
612
415
948
458
353
43
24
897
294
41
624
795
866
475
431
255
646
161
826
736
721
538
365
388
618
405
89
234
65
348
526
472
803
379
428
516
139
725
260
748
517
767
743
279
213
158
169
285
655
590
450
102
979
760
106
502
18
485
149
666
594
648
486
970
379
753
56
26
611
869
240
220
166
734
201
93
596
122
122
307
576
589
880
500
74
8
83
743
816
746
338
207
524
799
252
792
327
661
511
482
217
502
513
661
639
7
411
270
549
928
863
336
301
884
124
924
48
121
202
838
966
692
783
635
238
370
796
21
864
327
288
822
512
828
697
213
970
239
565
590
439
986
874
703
319
391
105
370
932
909
700
423
263
382
40
521
286
723
482
397
809
417
804
948
721
718
100
809
982
976
452
113
952
405
67
367
522
214
421
124
328
783
481
357
500
622
929
298
556
323
22
776
911
32
697
810
429
108
433
647
913
18
239
271
877
583
67
280
241
48
416
678
732
85
714
286
300
622
110
890
629
819
242
781
561
448
662
121
33
861
405
625
2
682
760
678
697
771
968
336
240
97
5
376
98
682
57
869
446
762
414
522
690
79
188
862
934
911
926
718
575
781
240
962
512
381
756
72
652
55
316
715
648
6
169
129
378
609
472
630
573
772
626
444
720
627
141
814
381
137
131
766
847
336
369
242
791
932
959
525
716
548
821
674
802
831
707
595
755
803
182
940
448
426
549
287
371
416
919
585
346
424
377
875
419
670
519
530
960
753
655
794
154
336
399
922
32
443
341
701
172
102
96
322
556
401
613
507
52
87
761
163
924
498
32
36
644
84
216
407
742
679
466
841
567
797
179
936
13
447
801
464
16
650
207
663
80
621
554
370
605
681
323
306
154
910
169
794
539
134
319
698
607
825
504
723
298
937
318
583
184
401
792
8
6
1
320
746
364
677
384
319
930
10
628
282
395
547
582
245
872
593
336
30
521
959
531
434
214
839
162
912
228
32
542
931
22
465
862
230
403
950
750
369
435
231
565
563
441
10
924
350
511
312
256
393
460
200
594
180
191
828
57
604
263
946
993
475
415
33
192
475
629
427
902
5
593
117
64
680
827
699
935
230
132
234
457
14
977
903
825
653
358
826
356
534
100
618
948
182
322
835
369
348
952
274
616
379
223
419
695
618
936
340
734
795
824
700
764
48
742
395
189
22
145
167
991
604
451
355
823
352
972
869
961
43
295
558
235
624
984
682
135
788
690
371
588
235
62
543
844
379
115
566
802
769
278
156
704
703
784
303
939
126
564
513
1
806
934
171
580
829
80
799
391
784
87
583
205
112
522
624
145
817
587
484
552
924
10
424
714
254
855
262
645
646
463
149
475
826
568
955
246
795
691
213
5
738
747
523
753
84
166
701
932
207
985
198
807
111
954
35
439
540
896
885
440
577
104
69
997
568
668
676
122
756
379
780
772
762
761
238
786
541
435
520
302
154
797
583
126
904
742
666
490
412
923
955
554
75
272
727
772
70
738
976
429
125
674
565
407
921
890
183
825
818
3
496
507
824
809
160
813
977
188
199
128
427
362
101
977
53
625
458
399
722
655
464
750
466
107
105
316
183
199
641
436
934
566
763
354
971
385
186
309
807
467
566
154
125
180
885
225
458
626
647
232
967
451
759
329
318
864
857
881
832
519
137
822
830
147
16
870
152
466
882
675
603
235
983
479
580
622
771
943
654
828
85
73
736
919
497
931
963
501
331
251
811
24
116
85
198
188
516
818
623
792
712
385
515
228
984
537
334
406
556
744
522
548
894
129
344
133
493
355
53
285
98
831
661
862
351
720
522
847
203
630
522
665
661
10
775
180
866
918
581
794
104
227
553
945
875
838
479
496
926
987
42
595
716
617
562
520
74
101
455
498
293
673
550
745
639
142
870
582
221
927
642
536
911
653
941
386
195
950
247
203
415
664
223
190
256
532
181
618
555
743
611
587
169
294
69
627
576
378
688
704
245
590
463
455
424
819
3
383
403
781
974
278
673
219
833
289
645
165
221
483
321
628
767
77
835
607
645
921
428
326
404
386
541
206
920
313
94
473
190
448
970
133
434
334
597
830
213
697
999
57
52
21
725
776
129
439
716
879
528
549
500
52
553
722
320
114
534
71
999
868
338
351
731
565
89
817
176
55
126
180
117
70
678
795
509
538
610
553
552
705
801
298
26
107
764
328
610
577
992
409
882
839
112
547
313
24
525
101
144
353
301
27
1
504
524
932
464
389
804
2247
