13339
372
699
110
742
524
881
791
414
623
787
807
229
612
633
849
97
513
396
963
196
832
795
911
384
272
423
466
592
977
621
821
332
705
576
617
799
754
314
755
231
4
815
878
968
834
748
582
908
664
75
352
828
989
750
477
858
280
502
828
56
686
747
265
119
665
166
990
417
504
689
773
448
201
681
419
484
540
863
719
313
767
517
570
643
297
341
21
823
909
537
57
779
258
532
585
125
407
857
362
964
500
969
745
606
708
63
15
74
403
437
812
978
351
307
884
162
588
896
354
698
535
313
532
271
14
216
933
411
155
500
766
101
724
426
700
787
890
331
574
194
856
412
194
929
810
339
473
473
561
11
696
885
896
669
115
55
852
713
458
815
331
410
210
767
625
957
824
764
846
283
794
356
586
793
61
798
446
676
928
5
794
309
462
723
231
802
74
464
474
571
751
323
316
23
533
759
799
477
951
784
637
685
741
370
185
198
454
931
269
668
487
278
643
335
862
341
697
937
404
768
989
479
594
766
850
367
300
493
48
425
880
859
535
654
628
210
601
130
63
896
230
338
59
30
249
605
359
922
332
400
386
474
129
430
465
667
299
303
606
664
856
743
252
426
24
598
443
937
195
718
313
581
612
275
93
335
632
808
711
544
891
506
705
104
787
816
677
447
283
294
449
879
164
358
614
458
464
411
108
954
584
820
1
190
211
938
541
574
943
191
790
445
575
634
409
206
752
949
413
380
577
980
250
570
649
206
21
861
366
818
674
342
230
987
354
725
206
406
367
111
391
24
596
585
418
142
295
119
618
583
929
596
21
457
46
300
109
456
891
832
448
860
114
7
976
815
287
311
605
577
954
397
694
446
970
4
583
69
556
84
302
596
721
503
428
629
1000
412
923
374
230
471
338
836
597
763
826
785
118
596
910
896
354
649
132
476
85
522
146
652
86
880
695
539
855
941
613
642
767
734
908
89
356
862
205
937
248
719
67
341
96
796
156
488
684
399
473
91
794
192
37
7
196
49
473
316
841
706
963
731
966
958
214
32
714
415
137
638
209
853
193
847
968
242
497
935
587
169
842
944
943
375
629
57
566
446
288
769
161
541
65
126
19
147
834
732
740
791
367
963
553
3
719
41
778
152
236
343
624
456
8
716
901
212
514
6
583
755
275
980
831
825
741
46
476
269
825
37
624
470
113
94
873
532
26
99
490
233
40
40
607
998
826
179
502
701
475
935
106
476
261
736
632
260
321
512
107
760
321
482
797
900
68
854
443
936
475
583
519
87
708
229
616
202
347
516
244
970
488
814
731
771
602
586
139
43
961
216
870
990
461
56
862
238
424
353
964
736
430
14
408
193
986
533
937
93
229
46
794
372
151
423
484
62
672
297
411
57
695
247
321
374
270
960
378
337
156
738
712
371
446
322
750
548
923
305
366
400
429
177
232
77
693
867
793
789
107
774
12
796
444
468
1
691
830
904
186
217
880
424
823
878
886
460
356
517
844
575
83
548
296
249
344
312
464
262
768
722
806
90
553
71
577
338
147
912
891
800
822
271
541
84
551
276
919
660
999
534
362
940
858
231
476
303
631
18
875
628
702
27
108
21
107
407
381
32
499
509
690
605
409
23
373
161
532
87
266
3
852
73
680
831
769
890
136
984
68
32
646
138
825
172
901
673
893
98
19
594
376
98
191
217
23
895
291
530
571
286
820
378
289
138
223
624
772
366
53
506
61
926
426
678
932
189
715
570
700
853
652
348
347
986
1000
502
555
142
573
715
162
188
962
591
178
949
762
349
6
104
754
111
391
779
815
886
157
294
452
611
540
424
66
530
847
67
404
763
639
748
180
284
509
41
158
637
231
767
796
706
224
218
656
925
16
993
359
840
589
759
432
313
832
420
112
131
490
195
148
239
127
688
676
736
596
962
36
335
205
46
996
62
637
908
908
840
265
544
825
157
918
944
792
11
640
70
897
521
714
143
892
142
613
192
19
834
82
105
59
224
350
334
97
605
562
472
934
310
757
384
962
797
259
427
987
350
684
374
928
716
82
324
273
29
615
478
592
260
983
681
606
375
915
620
857
753
908
400
618
319
208
707
843
572
87
282
602
550
517
400
79
915
105
548
942
643
607
483
542
409
981
74
760
939
749
85
433
238
479
161
259
404
69
174
505
851
39
831
919
854
295
58
341
543
788
802
238
558
207
170
323
219
325
879
923
180
494
984
139
345
708
699
784
589
887
525
786
348
820
697
787
308
96
970
362
790
820
809
709
436
323
425
531
519
436
622
561
435
303
532
973
86
701
319
285
16
367
773
195
148
666
115
636
962
65
155
350
794
91
978
216
333
900
463
678
609
337
49
292
639
1000
982
112
533
117
334
17
206
468
692
278
564
66
630
76
585
6
898
820
224
473
999
662
485
197
417
500
325
817
869
418
404
12
329
25
475
618
480
233
362
25
974
674
85
695
958
871
335
282
942
468
10
973
372
160
83
871
294
808
625
17
392
688
548
408
957
547
313
458
236
421
299
746
197
279
775
429
425
257
63
751
60
711
750
426
586
159
344
978
455
564
390
762
338
530
566
467
113
434
452
294
203
855
228
346
788
388
893
296
581
786
289
308
156
812
179
26
342
563
450
706
44
256
892
902
496
692
594
806
526
562
875
13
628
341
794
670
729
883
586
824
540
781
47
392
663
587
732
109
371
17
559
864
291
44
771
433
805
555
424
73
657
4
704
732
556
131
854
30
280
635
550
76
13
450
727
648
793
602
505
368
503
712
682
668
580
305
161
944
585
820
689
418
745
23
826
161
166
878
166
968
878
612
580
457
217
855
251
513
373
134
201
586
936
464
533
319
459
627
681
29
579
659
334
657
808
168
869
941
447
332
931
300
846
407
298
124
254
689
924
883
673
743
312
567
678
64
502
816
122
757
171
44
311
863
945
276
896
610
562
86
82
176
950
326
774
180
478
271
518
29
207
43
677
503
468
70
404
795
267
940
804
216
804
721
225
552
681
943
756
716
970
597
177
188
667
677
956
450
124
482
599
812
154
170
354
170
243
301
328
388
173
732
80
18
696
507
717
743
247
177
101
261
581
50
691
611
653
897
983
111
757
301
795
703
22
23
65
596
315
525
813
820
611
28
434
947
520
469
428
602
611
487
485
823
637
747
474
601
610
930
570
984
716
943
37
363
267
330
398
980
418
719
116
145
73
454
291
924
383
544
334
639
522
307
724
657
873
884
841
985
350
933
222
591
901
487
568
30
851
367
109
141
303
402
239
862
187
775
377
551
111
770
986
586
51
86
145
354
570
796
584
393
307
1
21
479
400
200
145
251
22
848
20
828
446
82
315
774
334
653
100
913
566
662
416
532
541
524
520
646
583
622
97
610
375
919
438
114
54
895
81
236
511
116
249
681
759
551
103
105
259
908
852
264
502
243
831
942
301
524
769
441
355
152
990
956
995
175
907
146
217
73
188
326
834
362
779
808
735
217
491
177
835
699
544
981
870
300
687
749
683
227
764
49
566
864
400
617
735
461
968
437
600
486
641
307
854
188
343
793
605
945
601
399
355
303
929
678
629
835
825
126
660
976
536
166
616
342
475
537
151
172
562
647
199
964
35
471
157
136
397
102
426
5
598
674
154
823
130
235
368
761
696
799
403
641
598
597
294
570
702
192
201
472
100
642
458
895
128
824
9
698
758
412
879
832
589
616
130
718
411
365
218
467
5
627
45
872
542
339
204
508
739
298
56
42
67
429
449
601
428
841
646
434
403
918
336
342
438
738
214
631
764
129
155
468
128
554
580
302
295
261
464
446
619
239
694
683
40
913
690
385
127
396
16
595
990
925
581
290
285
944
841
158
693
773
715
246
494
612
927
198
408
411
962
133
485
8
671
255
816
861
270
817
81
549
63
492
926
434
340
731
351
266
482
747
798
177
690
624
900
904
941
571
711
892
528
564
520
731
467
450
349
462
141
986
918
492
808
921
358
241
892
887
595
239
507
653
621
801
545
806
248
292
938
501
647
891
732
423
509
209
317
615
610
582
330
927
643
905
995
553
608
115
585
349
158
919
852
955
465
980
652
613
205
32
657
760
993
676
892
598
238
694
408
126
900
240
42
100
641
359
195
212
878
929
390
25
322
833
855
439
251
850
665
710
806
402
156
603
234
527
107
619
429
822
675
152
259
84
207
387
317
965
504
867
347
293
354
379
624
824
973
939
938
301
125
292
763
153
274
11
655
842
316
466
638
420
590
437
589
514
356
697
220
664
257
74
362
856
439
470
758
971
717
839
294
16
846
846
866
399
871
781
66
241
604
238
93
1
315
98
275
559
830
983
29
161
397
929
870
526
591
8
951
432
596
217
620
795
75
354
975
414
228
104
503
615
24
303
434
821
791
173
477
518
589
35
616
653
535
391
320
145
880
296
95
656
164
772
841
697
723
351
269
864
137
209
237
599
826
178
943
713
337
335
174
154
298
555
713
102
181
260
732
594
787
279
16
876
979
375
817
610
391
300
544
233
763
331
758
241
108
948
979
905
253
163
363
633
146
164
745
317
927
400
59
547
672
147
955
593
864
794
758
146
281
515
505
523
105
41
168
92
137
213
463
653
491
427
355
938
811
895
40
554
591
388
18
572
86
777
797
833
486
391
436
601
570
789
831
529
719
332
747
506
446
356
735
843
330
649
544
390
388
223
926
704
914
103
563
561
511
248
938
289
720
467
698
199
781
776
211
690
397
328
661
27
403
438
752
372
682
949
33
859
537
511
266
351
620
539
412
651
690
685
833
360
536
118
3
188
316
75
146
330
768
860
981
778
711
339
850
465
747
694
482
264
801
609
268
73
916
864
757
132
758
724
584
832
673
345
486
95
471
243
799
5
752
788
748
733
985
859
628
414
545
844
816
276
934
474
691
32
120
122
902
143
708
977
534
562
153
804
922
980
277
492
306
767
895
755
698
403
675
868
324
32
221
356
759
105
927
917
712
20
844
701
756
969
337
17
935
553
923
569
416
499
425
786
606
865
695
757
969
765
742
168
975
403
855
973
35
87
982
219
124
612
680
356
49
914
172
292
993
158
500
105
189
41
47
177
936
498
127
948
133
110
20
705
851
732
649
302
79
900
147
606
45
379
174
354
71
673
159
843
820
98
717
541
224
270
400
850
921
654
556
924
97
990
21
246
785
72
933
322
381
205
973
553
878
506
256
398
822
41
164
564
129
873
13
6
569
791
292
220
192
787
821
387
485
128
251
802
283
467
542
1000
199
644
48
341
236
669
608
559
576
6
496
136
493
630
56
67
122
182
722
794
129
489
407
967
1
784
351
235
130
470
854
645
570
176
715
508
925
96
59
264
843
423
165
192
464
121
155
372
201
237
291
830
127
8
208
195
895
312
765
652
941
630
447
714
240
788
262
264
741
661
170
668
751
487
561
716
680
175
610
213
21
264
310
641
521
992
899
348
758
826
901
869
544
818
316
326
764
947
872
130
822
53
952
200
911
165
751
237
715
983
271
462
923
642
5
435
65
84
733
750
466
636
116
840
725
347
771
859
380
945
245
946
69
654
532
174
792
7
633
540
555
590
455
672
257
63
343
811
389
640
432
88
833
170
811
536
785
424
101
257
832
126
434
804
38
642
86
838
746
839
379
688
564
83
28
298
403
382
583
812
322
424
328
423
350
247
191
618
647
528
543
955
673
111
987
82
536
720
528
124
521
128
893
226
179
455
374
194
197
173
962
931
276
574
200
690
933
106
953
326
721
748
325
70
289
584
531
647
460
917
239
830
371
945
115
978
20
373
15
215
253
452
698
82
789
505
469
217
402
572
964
53
104
842
432
665
492
542
359
105
945
589
515
546
507
728
57
563
834
751
481
584
728
297
759
540
967
513
599
887
960
665
129
458
856
364
850
965
335
327
186
225
350
608
670
318
978
923
224
353
852
587
106
751
480
511
308
751
171
751
66
815
417
460
19
113
615
705
506
526
373
331
693
125
717
907
58
815
217
564
90
950
75
172
970
674
282
66
781
341
884
478
577
995
253
886
91
686
459
993
711
263
465
891
353
598
894
753
149
833
325
916
386
193
918
644
935
733
294
238
105
309
985
491
13
924
272
454
29
535
760
781
556
962
462
389
741
411
299
799
778
275
118
568
589
353
525
884
747
762
414
345
426
689
234
947
904
613
881
751
388
399
136
574
123
470
995
978
100
778
935
518
19
437
110
751
805
971
571
854
184
707
915
403
678
814
484
846
490
976
914
381
587
744
492
9
564
311
675
977
900
502
251
851
601
264
386
739
968
457
33
204
442
473
970
926
935
886
704
151
169
432
983
89
214
702
839
307
685
488
557
213
313
294
547
194
644
83
734
299
891
481
798
340
267
133
74
393
130
779
318
792
749
772
267
1000
760
481
902
481
157
943
526
390
661
658
351
878
743
380
880
422
519
452
107
565
166
348
985
588
316
946
180
364
856
230
75
483
963
373
241
456
779
945
810
737
97
434
777
176
362
243
675
678
975
896
288
191
367
533
635
828
699
244
957
922
408
366
815
28
847
948
583
447
672
298
709
107
736
884
845
523
985
500
209
149
42
712
12
412
153
528
649
191
496
505
393
838
187
155
47
458
824
923
759
197
621
339
841
221
153
11
309
285
98
393
566
585
563
30
279
428
311
589
344
614
581
683
130
122
733
43
249
684
993
5
66
425
920
220
994
9
831
812
439
429
517
255
164
930
426
796
722
88
597
404
503
369
33
300
394
945
265
642
31
26
475
178
208
79
491
389
358
930
349
611
611
320
967
283
23
44
438
671
12
406
439
64
506
338
202
735
774
738
214
822
532
389
531
781
449
978
909
883
322
618
681
287
175
679
865
854
771
246
724
646
511
615
991
598
185
369
197
349
128
594
963
849
964
906
614
567
774
632
202
973
263
207
40
529
191
16
14
140
53
487
847
459
482
525
384
294
439
60
220
966
778
314
900
25
759
998
590
598
439
318
653
410
665
462
490
486
339
63
959
886
952
652
678
633
342
770
974
102
2
423
381
395
776
595
996
614
32
627
202
436
761
457
743
915
932
723
150
434
95
969
454
561
763
956
473
557
25
408
168
749
148
889
998
662
485
875
661
148
767
661
458
622
176
326
673
890
6
730
915
146
960
911
871
889
767
176
645
302
246
463
392
317
144
705
660
67
280
1
671
73
812
590
338
449
638
107
860
735
65
34
721
752
153
458
926
161
188
575
331
146
859
329
829
881
989
77
36
172
877
832
894
712
933
779
787
350
541
96
753
355
835
303
609
369
938
599
671
916
235
189
899
852
253
954
575
552
737
246
817
280
587
767
436
440
181
688
680
868
769
572
52
235
451
844
531
829
169
293
232
804
548
253
460
528
554
52
839
915
562
821
919
993
867
320
112
482
728
393
318
912
935
896
450
694
362
314
324
359
442
59
916
472
458
45
60
660
334
633
126
153
21
500
416
326
420
494
752
858
948
785
174
713
198
628
805
536
406
41
277
485
476
229
449
645
652
662
80
688
462
634
69
514
605
290
801
442
109
310
138
720
585
609
51
6
850
602
429
736
720
178
488
354
655
634
692
647
51
329
991
704
429
311
139
284
483
588
6
528
351
220
886
903
837
735
547
979
212
467
551
214
712
326
105
333
508
602
836
735
472
340
402
390
542
284
341
872
154
655
624
133
80
670
212
138
971
367
587
239
320
866
112
779
824
474
752
417
83
89
553
963
941
947
552
109
999
533
183
883
659
604
73
638
4
608
921
457
813
788
619
983
277
756
793
888
45
135
472
52
482
318
555
868
658
951
213
875
667
738
873
183
508
91
987
310
7
706
563
951
874
331
21
466
55
735
502
3
818
663
690
600
654
923
700
44
508
360
968
287
551
45
751
396
401
928
64
217
991
37
432
783
648
449
492
713
614
711
437
959
259
752
537
664
281
121
269
651
579
284
564
232
456
28
37
337
202
354
266
227
760
148
894
32
791
646
331
427
65
768
962
693
949
840
867
659
122
474
981
644
546
572
430
760
123
903
537
580
353
533
55
663
781
341
797
688
8
250
169
7
642
561
656
267
166
598
35
696
787
616
710
942
541
514
539
466
370
75
569
906
456
260
635
812
698
233
625
240
953
135
81
267
630
498
783
646
259
41
729
712
487
599
166
98
902
328
625
326
105
146
603
185
636
788
787
835
599
320
860
456
500
119
54
26
120
909
460
649
60
117
100
884
789
462
141
843
323
56
884
817
781
216
820
20
708
467
724
616
960
999
640
299
764
934
529
609
479
961
285
477
640
315
936
769
634
311
51
334
359
497
611
290
637
710
94
646
830
658
181
327
186
200
619
95
975
409
424
459
461
38
728
985
225
833
631
415
756
266
445
685
464
44
948
4
956
58
325
44
181
255
604
502
776
138
110
323
863
747
345
727
473
199
709
41
537
90
358
459
221
636
180
830
297
218
167
630
832
101
301
737
668
99
135
915
1
993
115
449
481
242
467
314
164
59
242
26
137
930
260
278
43
518
620
540
708
35
444
804
417
617
634
376
988
432
315
344
545
465
120
408
620
649
222
440
503
991
578
589
637
559
597
785
626
326
636
156
309
677
652
119
667
440
72
928
472
598
362
173
453
414
226
711
82
342
807
488
896
990
440
162
509
371
452
337
586
839
473
361
11
965
885
812
331
285
957
861
438
573
748
261
989
45
228
211
130
808
10
178
162
362
635
971
118
431
980
649
220
570
22
497
975
135
391
686
286
567
848
922
574
740
532
974
52
947
499
50
151
328
200
110
318
960
385
721
58
96
237
90
1000
966
438
246
249
810
995
456
526
483
369
56
569
248
375
416
484
705
920
979
758
217
844
914
103
285
535
186
523
236
855
166
332
259
164
834
401
200
153
150
941
702
196
27
135
470
858
629
549
738
711
36
351
36
481
624
34
569
540
609
428
290
745
316
845
282
194
941
843
825
783
822
635
84
113
897
537
144
997
393
124
948
639
13
701
52
393
72
698
332
400
168
842
796
288
280
678
5
905
315
778
317
534
237
236
993
847
353
139
633
164
744
97
930
765
931
154
637
795
975
605
186
621
568
925
50
419
571
672
56
201
918
178
346
321
470
856
350
27
60
869
683
418
489
152
335
653
119
674
287
248
245
108
985
306
301
618
629
96
221
710
433
823
358
454
599
209
109
811
598
718
461
176
263
737
223
447
912
550
808
476
779
72
320
633
747
632
258
411
312
801
360
909
832
149
606
998
854
692
640
388
356
243
342
14
137
708
970
312
254
721
107
287
775
635
610
881
450
304
893
569
951
163
345
322
967
954
148
955
446
521
639
77
552
877
915
892
345
611
862
937
218
360
248
571
679
723
136
540
414
1000
925
921
379
273
48
412
624
444
777
574
675
35
722
362
168
482
781
511
179
215
553
220
399
924
710
697
251
910
128
700
969
210
842
655
776
946
312
403
179
388
11
231
689
284
887
201
436
6
543
215
250
772
403
128
765
833
990
226
698
755
932
978
34
720
466
941
721
493
898
52
160
971
112
73
655
550
319
116
601
987
166
792
443
842
139
79
540
83
104
201
832
386
934
90
532
134
886
104
644
892
341
572
38
676
334
45
101
292
828
374
598
573
784
618
655
230
808
476
884
424
660
396
965
627
729
666
29
247
90
163
328
536
116
929
918
884
1
307
622
165
715
668
975
56
899
642
731
443
44
161
619
863
55
811
343
324
418
88
717
688
207
217
536
756
264
475
518
634
180
848
249
161
102
145
525
138
917
605
682
36
258
497
963
977
981
520
860
786
285
816
71
68
894
906
126
869
300
526
710
687
346
934
530
812
972
625
734
723
951
435
921
457
364
118
147
123
709
352
291
251
536
754
1000
1
308
9
499
498
630
42
572
281
901
24
989
555
800
254
38
427
858
421
865
847
993
22
455
166
242
756
183
276
261
161
7
107
6
433
634
973
346
597
378
405
772
74
367
925
418
727
490
903
280
837
393
978
969
508
375
745
974
571
115
941
820
494
719
614
580
979
780
161
580
754
351
536
332
285
3
987
520
156
539
780
685
331
424
655
379
869
687
674
758
803
383
86
971
135
100
480
704
532
627
337
483
687
264
176
504
946
106
683
373
587
662
790
765
913
823
346
945
471
996
161
42
129
517
344
912
440
721
749
112
704
580
823
331
21
522
456
752
980
847
189
381
249
954
494
96
945
419
260
593
692
686
278
863
3
209
396
667
739
48
45
312
466
221
566
49
709
897
358
510
43
263
620
867
867
285
164
989
292
376
314
547
574
847
444
834
214
168
581
990
959
269
958
251
969
21
164
317
970
159
919
32
415
97
266
264
328
238
898
841
57
110
584
917
280
365
778
852
916
877
767
110
123
5
637
602
625
526
122
551
318
867
685
821
650
666
184
334
437
742
897
409
660
29
33
261
438
541
215
892
389
918
327
821
936
709
574
827
235
897
294
766
119
588
511
294
95
422
867
900
918
690
338
420
742
348
786
534
527
39
971
62
797
979
679
660
605
486
629
333
200
951
669
98
32
518
445
55
596
815
963
807
249
366
882
494
584
919
877
55
838
151
246
987
639
123
632
16
313
187
441
77
692
584
643
858
214
758
222
36
336
213
703
69
25
174
277
350
419
730
430
691
307
852
205
39
683
620
846
421
837
56
489
240
794
179
616
289
701
147
479
282
734
469
767
615
278
925
895
930
727
555
594
939
60
376
464
297
107
219
632
554
963
739
89
132
899
191
404
402
1000
590
170
914
557
184
981
472
553
391
959
504
755
921
212
339
800
348
299
849
88
915
757
658
792
237
858
445
920
870
199
577
215
205
744
169
608
617
720
969
271
660
684
43
952
407
727
824
487
855
678
625
730
708
941
895
492
452
121
918
140
720
601
666
559
321
909
746
690
328
481
356
369
497
364
969
688
257
88
250
64
875
377
545
965
446
203
158
424
646
769
992
746
452
528
629
599
76
718
68
591
733
679
412
944
321
535
338
62
741
906
199
405
244
725
949
342
650
703
484
648
879
624
392
829
169
525
975
950
601
761
582
439
389
495
974
813
641
122
58
847
232
854
363
356
204
521
948
414
169
716
585
885
311
236
247
239
749
366
971
630
518
26
457
109
493
342
944
559
187
685
859
133
928
937
110
780
375
132
240
235
930
309
400
670
339
968
564
301
569
620
764
211
46
621
698
891
328
393
516
956
696
490
141
94
291
214
623
965
267
368
535
269
159
319
928
912
758
30
624
929
263
994
914
733
390
923
520
547
718
504
766
597
908
203
492
134
567
771
509
614
202
915
124
895
239
69
718
191
819
191
863
159
470
297
614
749
902
408
79
404
475
798
493
448
44
153
63
388
256
895
830
534
931
866
35
198
345
790
989
361
106
165
846
711
779
299
481
46
413
292
805
444
555
612
316
987
487
737
363
735
924
86
253
437
423
362
86
579
93
437
312
277
539
520
884
615
841
299
35
475
696
358
211
718
141
320
215
550
924
797
648
891
907
942
711
380
444
385
625
583
469
117
829
722
364
38
262
325
603
277
506
778
516
49
816
746
696
467
14
501
233
718
606
128
708
462
513
164
218
351
256
834
702
991
480
468
770
63
45
317
374
509
428
907
874
405
481
974
353
9
876
528
440
265
314
734
188
550
382
903
661
721
777
929
724
104
21
991
963
852
53
570
507
342
72
326
327
437
344
238
613
681
136
318
536
481
347
685
757
598
450
979
627
629
869
950
269
900
226
147
640
808
42
25
271
555
240
720
552
546
994
784
452
359
464
36
242
638
195
924
542
915
262
486
558
327
945
242
804
651
343
147
880
391
896
446
742
291
10
613
758
754
31
32
262
864
616
613
190
238
932
99
45
437
12
864
598
433
704
834
176
885
288
234
48
379
868
556
346
980
822
903
573
149
911
958
484
938
387
619
499
994
487
896
337
310
8
476
776
350
693
9
577
92
588
854
360
819
62
505
126
986
2
171
972
794
621
778
405
775
880
691
829
241
662
13
271
807
911
247
790
295
33
319
20
573
566
263
209
568
121
996
537
725
812
464
532
86
485
409
825
656
38
461
93
137
285
984
775
569
784
530
666
220
410
533
671
245
373
388
580
708
95
932
626
644
281
425
803
487
601
354
154
141
422
377
1000
719
925
481
771
458
137
311
481
838
920
218
418
56
308
550
667
454
712
843
837
497
695
509
63
819
880
963
566
418
288
641
148
85
360
971
597
398
970
343
645
579
617
461
229
388
51
65
526
745
130
527
795
296
766
934
808
359
928
767
546
698
412
116
998
791
273
742
837
967
248
383
173
379
730
254
1
482
6
929
103
930
5
403
446
99
193
888
422
464
458
299
275
433
442
247
37
109
832
430
156
430
249
247
840
92
929
879
903
369
662
502
230
817
324
779
96
923
296
276
16
240
78
750
486
200
726
452
237
966
618
235
105
944
154
562
341
373
641
43
196
26
846
724
645
314
442
88
161
261
80
350
409
82
51
528
925
389
487
142
430
700
827
608
567
316
960
548
268
38
943
351
714
55
168
742
862
80
616
855
906
497
115
719
266
256
63
752
262
71
299
276
361
298
892
586
604
794
816
850
832
405
129
357
746
728
687
953
446
668
751
731
545
60
615
421
534
302
800
717
188
110
745
834
846
174
199
181
343
755
706
111
404
609
831
579
658
626
937
166
261
931
482
331
825
348
293
113
592
124
900
748
811
558
927
190
640
96
163
569
851
431
60
45
711
954
580
586
910
882
19
48
855
35
351
655
19
134
424
585
375
99
342
931
832
536
801
776
834
16
664
648
947
122
936
464
395
102
240
584
175
81
171
680
319
318
475
285
991
871
53
809
691
621
300
37
877
358
894
887
547
603
599
52
395
670
979
622
289
455
793
774
759
887
261
274
954
356
745
633
379
22
888
455
260
746
247
803
454
85
903
485
417
512
778
304
420
407
157
708
836
429
662
46
970
58
881
656
948
418
309
691
907
927
93
41
246
721
899
540
292
44
220
809
900
558
578
649
503
82
782
988
690
410
784
567
676
153
903
795
848
786
322
185
762
126
489
411
746
1
694
763
130
742
825
486
684
156
238
427
739
927
688
68
805
719
201
734
949
630
522
734
576
420
997
366
571
494
39
899
985
227
899
222
371
926
305
949
550
38
783
265
627
215
685
678
445
839
146
995
682
128
443
590
304
519
13
302
619
235
430
418
190
982
306
586
639
378
311
42
468
101
51
909
145
270
929
10
359
846
629
68
164
700
994
96
923
570
871
757
205
336
666
426
988
313
344
503
881
434
860
857
535
124
494
986
682
921
919
83
635
710
117
964
7
170
244
991
570
763
667
680
772
627
816
252
948
538
363
246
461
869
446
933
251
414
822
68
865
840
718
69
509
104
80
254
394
14
796
868
117
979
213
506
229
880
422
81
553
353
703
665
722
311
965
111
548
610
544
846
784
531
157
196
460
644
833
608
881
640
736
164
91
686
813
204
475
920
579
779
567
544
276
890
789
868
417
424
130
550
312
924
216
560
433
359
529
590
750
571
823
119
3
462
363
382
220
48
466
274
866
649
240
691
317
169
503
41
282
508
7
366
609
448
251
474
862
374
662
878
225
476
610
599
829
777
648
416
314
280
143
462
820
852
371
914
886
877
536
115
644
253
268
712
269
544
552
749
964
913
914
469
155
223
193
122
58
477
360
498
23
786
688
334
488
535
234
171
82
534
434
405
919
935
143
155
953
891
998
975
616
806
521
632
271
437
422
604
1
164
578
621
420
155
669
494
859
900
925
571
557
733
900
279
339
878
663
518
115
236
827
618
477
667
366
825
127
113
851
79
27
194
493
932
668
386
503
842
826
21
312
205
898
83
895
746
300
555
935
317
691
710
817
557
195
399
721
328
509
144
291
419
31
513
493
365
475
17
800
98
729
825
638
169
65
350
640
581
777
953
976
783
122
747
581
431
119
137
344
438
221
53
150
752
30
779
367
918
518
338
154
903
819
509
332
446
393
997
444
684
170
12
30
248
704
206
302
421
644
495
435
534
523
854
67
205
513
912
219
482
7
5
841
280
514
594
108
377
374
175
484
511
865
188
870
410
474
462
20
156
27
688
760
859
394
452
102
641
186
265
613
602
860
833
324
707
200
314
839
847
230
894
953
347
359
152
730
276
155
795
672
571
527
68
604
354
5
763
550
97
766
213
661
102
160
363
158
641
153
648
918
312
105
212
367
695
637
453
106
122
186
719
49
600
235
876
527
520
915
108
966
523
324
647
76
48
243
96
960
86
625
453
168
11
174
223
48
179
239
129
393
778
5
654
546
957
411
511
839
257
997
448
610
372
528
911
457
694
274
17
531
241
132
147
973
616
891
844
551
544
605
98
734
80
229
881
191
545
653
236
534
664
184
153
446
279
968
651
562
502
301
956
929
954
697
560
151
748
305
31
27
542
423
374
191
777
83
162
764
792
123
664
989
317
209
653
471
458
453
875
581
933
728
896
377
630
183
68
384
740
441
651
248
624
103
109
869
67
166
224
485
79
827
38
189
827
317
991
460
568
346
510
389
572
583
779
663
18
441
953
982
472
840
628
137
656
105
982
385
412
95
755
359
211
861
492
113
902
512
108
670
947
903
386
649
380
159
372
102
971
112
741
404
201
6
367
353
893
633
432
925
737
665
737
626
826
438
151
73
48
514
587
340
136
559
326
780
999
876
904
655
369
157
671
289
282
569
14
636
952
464
322
295
470
226
22
384
843
405
489
611
114
950
541
148
190
651
779
91
71
903
379
581
18
374
535
280
948
379
16
386
672
580
477
572
727
441
587
214
986
489
469
928
568
444
15
925
859
868
67
27
863
482
610
313
457
433
818
601
108
828
477
233
127
564
681
647
384
970
121
88
509
61
636
168
534
964
343
215
476
874
120
394
490
775
895
77
708
965
78
867
758
623
784
820
517
885
784
88
978
459
887
851
696
14
664
650
166
770
474
981
211
533
346
247
108
391
420
388
698
818
283
568
154
348
771
608
568
299
903
224
312
916
47
826
308
416
187
205
475
46
722
342
961
759
157
188
589
384
942
434
147
407
533
274
850
929
402
656
23
673
152
935
34
627
838
71
81
760
498
54
978
970
570
503
802
828
616
701
847
683
599
124
815
972
486
525
204
818
237
588
737
261
179
89
214
801
502
281
831
410
53
40
326
500
699
296
515
535
379
546
433
927
356
999
228
969
876
970
33
291
906
973
700
634
261
831
745
398
748
76
388
32
906
75
578
807
390
697
469
684
673
139
356
391
838
604
589
456
553
339
396
332
457
273
1
988
44
509
16
210
257
743
999
695
423
147
891
530
280
678
134
566
742
21
20
889
576
972
670
265
635
613
835
75
995
386
506
681
266
351
633
46
481
737
661
190
230
772
923
608
870
961
638
685
351
570
747
916
467
968
397
453
641
453
367
79
739
54
244
758
505
931
588
930
203
622
157
868
766
744
268
550
616
643
510
800
118
308
889
391
143
544
97
794
609
506
191
107
315
802
180
702
274
674
289
422
103
761
427
817
429
885
61
89
692
449
787
362
71
593
130
803
391
418
164
393
417
786
655
232
887
1
523
729
179
958
859
458
157
350
949
392
336
392
285
627
240
59
735
64
844
706
667
836
123
347
824
260
66
925
213
75
842
700
189
779
805
118
873
759
20
248
949
314
832
375
343
931
654
296
883
281
98
415
967
695
245
819
439
767
833
924
107
124
422
687
997
12
216
556
396
194
919
108
947
472
183
957
919
723
627
421
255
373
863
734
818
515
797
587
192
235
96
651
531
269
753
541
203
820
223
815
145
882
628
475
112
506
5
942
687
7
315
674
808
1
763
349
666
45
951
150
54
957
402
799
915
566
181
330
869
210
990
59
330
975
189
694
288
277
405
685
31
157
852
166
882
323
34
468
611
392
840
784
85
132
534
860
322
168
911
527
20
44
371
393
913
744
713
737
889
4
861
266
543
327
211
388
900
51
425
276
771
405
416
223
100
702
617
876
60
579
978
462
908
786
194
119
485
32
754
785
969
73
692
414
276
367
147
476
703
711
38
705
223
832
19
638
738
927
494
533
383
653
321
766
637
301
964
161
960
276
463
337
314
300
16
447
687
992
603
111
97
304
21
927
704
459
885
883
874
612
873
359
199
255
385
365
686
666
501
319
292
134
120
514
795
862
159
609
107
762
272
877
746
406
163
471
617
480
808
585
380
602
973
386
51
966
259
749
12
172
858
944
906
28
234
493
98
129
809
336
532
65
756
631
589
622
159
440
171
949
989
740
54
737
765
882
384
878
70
286
704
407
186
181
838
933
731
890
698
399
98
366
404
961
247
563
430
528
73
651
506
135
383
850
991
913
960
638
442
912
923
785
110
162
890
883
492
55
282
905
418
823
446
559
738
582
72
84
709
430
824
942
778
842
784
554
215
768
760
969
362
46
518
530
875
132
941
32
721
27
983
682
37
156
105
567
789
791
203
682
471
686
743
426
932
445
904
346
112
456
998
472
825
652
298
951
765
370
43
604
159
726
230
381
47
783
476
434
882
103
64
319
679
147
492
802
845
823
326
367
99
732
765
894
586
91
657
919
878
925
269
366
379
787
575
529
317
85
646
916
889
44
917
235
354
174
938
770
751
811
925
490
459
546
290
875
193
222
407
576
555
536
505
638
101
549
23
234
696
684
746
239
81
616
97
173
147
372
214
537
64
611
135
192
557
80
831
714
152
493
766
821
944
3
911
832
383
614
473
4
559
373
587
330
138
991
578
953
90
395
828
94
961
457
633
500
153
626
72
999
422
741
43
444
591
790
265
793
176
456
173
487
823
116
357
918
566
440
742
141
168
452
65
625
169
80
165
245
820
223
854
860
137
823
774
186
910
15
164
536
392
79
280
708
91
264
781
43
174
983
383
786
746
636
924
234
56
563
217
817
225
859
90
746
5
38
505
383
299
606
859
446
302
828
628
620
307
450
503
888
803
580
892
45
57
321
359
2
274
520
676
228
128
432
159
665
770
945
47
149
196
655
886
108
487
384
431
899
863
503
765
12
230
91
516
954
15
74
540
498
22
88
310
170
208
128
253
42
150
424
410
362
739
221
519
613
205
442
254
659
976
57
650
628
129
683
769
129
722
358
814
902
616
569
409
792
338
42
341
604
998
450
711
493
495
385
921
842
146
761
176
38
101
27
954
148
751
53
347
711
826
395
920
756
422
498
31
877
338
757
928
758
54
287
364
807
942
893
591
132
337
100
3
987
738
438
57
181
165
799
113
211
72
398
103
125
139
315
738
173
964
70
207
305
516
732
595
455
9
245
374
473
454
606
613
989
399
286
342
263
790
166
583
50
200
108
428
232
495
624
904
606
719
910
119
687
20
672
20
900
938
125
608
239
954
149
51
36
726
736
537
953
908
699
258
224
930
700
197
184
505
472
413
973
359
350
841
355
644
450
560
369
914
827
673
279
146
747
605
543
722
881
65
750
741
132
550
716
852
258
490
654
285
87
949
901
506
291
798
455
832
748
503
429
345
724
901
978
743
329
759
754
195
712
149
608
29
873
979
135
814
576
968
632
863
812
360
178
557
181
438
794
932
939
584
134
382
176
132
632
662
970
653
735
534
168
761
649
361
362
385
767
378
458
952
268
671
416
731
998
688
212
601
101
390
167
818
516
804
25
545
249
631
479
544
121
324
981
598
807
520
173
965
868
249
574
346
204
321
198
129
105
34
628
963
501
846
425
285
34
175
870
784
681
213
227
702
847
988
651
104
809
244
428
836
35
963
694
752
521
647
810
250
278
592
242
458
290
50
533
738
91
358
424
253
353
646
784
878
553
458
119
986
175
667
691
673
302
354
262
176
630
259
687
111
989
584
20
517
821
319
293
170
678
492
247
49
310
543
948
711
916
960
628
130
541
29
543
513
280
830
34
890
392
863
440
185
57
16
984
888
24
170
87
674
147
56
539
967
947
507
272
503
151
411
478
655
183
951
395
729
366
205
478
322
90
814
963
687
661
707
810
377
949
228
652
266
717
68
180
299
485
84
49
957
837
323
875
60
567
592
345
814
758
292
558
256
817
405
556
89
971
962
96
228
124
294
679
115
717
698
15
787
855
459
99
562
90
340
928
6
522
731
150
497
612
466
182
497
564
268
315
432
24
659
163
84
581
506
280
481
197
530
349
249
446
236
909
739
989
24
832
97
214
883
291
232
966
922
342
971
645
966
709
137
809
595
203
953
402
702
727
860
530
566
477
318
624
682
359
874
728
670
939
572
128
551
128
328
259
124
167
868
977
157
131
260
204
633
326
578
104
195
919
624
390
21
995
48
382
917
994
580
261
252
413
705
414
147
15
743
879
598
422
257
224
895
337
865
588
687
226
206
227
168
187
24
808
573
924
206
170
239
756
825
677
926
680
432
134
640
116
39
685
344
486
944
987
727
413
354
897
868
881
508
921
827
336
666
591
702
334
910
899
780
9
561
360
219
45
372
348
199
273
567
901
796
417
451
748
758
771
899
366
500
105
480
963
399
571
794
241
192
619
284
181
778
567
218
458
679
499
214
701
900
308
699
697
605
200
415
641
85
50
436
338
507
437
589
964
149
220
878
645
38
660
190
854
98
853
594
229
116
60
221
664
886
1000
175
874
477
889
146
767
949
939
153
535
714
48
517
518
144
635
335
358
426
961
716
568
947
325
834
800
458
487
248
398
479
288
681
710
143
600
824
931
725
332
606
593
488
585
889
592
585
50
674
506
729
347
406
257
765
816
328
896
955
511
818
441
53
624
189
863
690
142
425
55
177
56
122
983
459
23
37
446
601
809
130
939
62
307
919
919
266
708
963
980
960
459
912
612
231
900
919
323
630
760
534
494
650
16
258
613
100
497
151
791
814
343
161
733
290
570
89
71
350
379
545
109
303
831
627
260
219
364
773
488
759
908
319
831
313
615
407
302
446
982
778
332
384
116
296
394
861
304
309
407
326
552
622
807
716
9
425
349
305
700
780
610
618
151
192
187
252
556
71
964
298
192
274
194
669
903
222
477
678
939
952
469
946
549
225
147
524
766
174
766
495
46
31
388
676
4
811
547
627
959
849
809
123
158
718
87
889
430
956
531
850
380
534
824
703
207
806
161
666
899
546
972
914
397
422
864
214
923
502
493
282
847
449
150
600
857
982
108
451
335
665
535
770
688
958
577
197
111
830
516
590
754
904
35
306
410
294
721
41
977
947
733
980
575
95
683
81
182
197
974
707
897
268
962
619
969
802
78
480
376
602
308
530
338
845
378
543
34
963
551
272
552
331
722
387
814
620
226
472
683
418
956
855
111
282
59
802
732
377
182
539
642
45
831
309
650
134
243
35
234
338
408
710
201
660
78
148
268
662
807
288
550
282
480
997
588
952
659
147
154
909
835
682
564
549
659
727
897
827
906
463
690
536
24
639
724
184
408
135
706
86
21
894
290
648
595
386
602
129
374
186
519
658
578
956
270
543
608
826
872
717
307
984
552
936
305
496
641
761
200
454
585
687
174
533
91
749
809
968
854
811
542
501
281
236
742
147
119
387
560
432
117
506
879
253
758
362
723
42
959
228
642
513
275
895
493
513
970
425
459
298
763
180
359
818
212
842
90
730
610
714
92
77
83
208
244
468
768
732
815
837
503
227
735
520
336
631
499
812
96
461
773
193
507
432
562
829
770
263
557
39
988
979
925
370
548
346
940
612
281
189
849
765
732
692
584
196
486
48
780
767
976
639
593
6
185
776
945
288
797
191
167
478
232
256
705
208
305
995
761
614
494
612
48
519
498
972
697
952
641
959
845
80
655
563
389
350
514
905
770
71
755
861
456
943
830
302
537
226
449
715
910
791
391
801
761
376
251
672
483
260
636
138
116
43
826
194
112
917
345
466
971
574
839
864
978
299
295
908
448
848
654
930
331
813
832
456
446
225
182
159
703
771
289
637
391
882
331
99
259
444
515
64
930
902
428
867
39
333
660
314
145
951
321
674
244
630
337
115
985
36
964
645
623
862
170
757
692
52
720
326
277
764
956
814
641
967
983
352
164
10
604
276
170
859
129
439
115
143
724
118
273
585
532
753
25
392
718
856
2
816
46
664
998
816
781
230
80
853
899
689
957
543
374
588
847
495
309
570
255
795
505
769
494
43
193
526
403
34
823
402
527
791
591
507
149
751
537
67
295
874
515
788
147
515
258
553
639
644
726
583
212
530
106
591
200
771
18
864
110
892
661
274
186
616
449
491
514
753
696
109
589
465
231
45
750
794
511
275
629
655
19
648
150
710
30
655
549
793
580
120
582
819
535
485
340
881
819
197
594
122
664
443
227
618
147
571
747
764
698
43
44
77
19
564
464
85
570
657
10
757
480
333
928
937
858
145
822
804
923
315
314
912
322
887
434
971
640
137
841
137
109
681
553
765
103
605
920
802
314
332
211
102
526
478
184
870
365
952
449
754
272
317
306
690
390
73
693
243
389
628
505
59
751
800
785
207
122
856
843
217
563
12
44
578
827
494
818
905
735
474
634
203
810
24
495
712
559
52
795
875
989
983
497
557
833
111
331
906
983
793
69
904
473
610
532
757
441
755
239
796
174
532
117
487
932
913
849
630
6
85
50
531
306
806
758
772
586
612
647
812
367
439
159
898
172
102
921
603
96
500
287
24
976
382
587
851
277
763
343
834
948
807
636
720
541
556
888
12
741
85
28
516
569
396
831
199
527
414
205
159
995
253
384
587
50
388
952
347
146
759
344
721
806
362
736
40
586
340
708
304
278
672
672
605
674
887
947
213
560
309
23
426
13
787
758
539
988
451
958
485
369
943
267
619
652
906
239
768
980
361
182
398
967
861
404
167
788
342
133
899
557
393
123
13
576
459
438
461
945
894
689
267
14
296
917
618
767
813
681
734
560
708
843
589
653
877
488
721
229
733
484
149
329
516
872
442
691
246
62
751
720
904
36
316
980
310
662
818
809
615
354
516
345
180
252
811
274
599
136
15
273
613
169
272
592
374
868
823
821
273
83
335
836
770
359
416
415
421
643
886
268
373
162
199
802
771
861
846
79
569
708
127
615
356
898
994
189
25
986
454
579
781
239
628
727
529
249
605
755
516
243
13
227
427
491
864
722
214
61
955
168
41
454
137
232
547
968
627
452
827
743
706
614
299
153
879
797
17
187
76
261
714
582
972
428
119
855
692
750
832
369
212
641
845
578
283
516
641
979
159
123
100
374
390
24
98
82
662
363
562
288
418
277
393
430
998
943
968
884
853
867
532
348
402
874
561
847
601
304
901
52
284
354
905
730
824
623
25
405
529
449
605
646
974
588
766
327
694
168
87
398
7
181
936
557
100
570
855
806
649
87
503
453
474
603
800
233
479
843
492
821
248
697
280
142
722
969
389
16
760
80
764
129
824
898
969
796
941
158
384
254
155
61
478
512
418
557
743
94
475
531
170
295
567
731
621
109
935
822
573
724
583
560
474
688
71
144
443
638
930
725
636
846
113
196
460
140
111
306
924
250
213
815
163
939
113
391
590
715
81
412
674
155
891
837
957
358
660
712
577
436
500
448
249
671
199
984
115
830
753
958
555
969
625
908
56
144
868
607
302
451
753
781
217
610
794
779
694
672
156
138
715
473
815
33
723
46
834
905
637
896
443
656
276
468
444
359
387
118
539
365
669
825
641
620
312
159
588
320
591
435
378
546
720
916
571
994
434
741
48
773
188
932
925
557
726
64
661
680
752
816
427
476
71
410
605
95
874
575
334
594
75
738
45
847
687
559
967
314
282
210
330
739
460
285
192
692
605
403
255
734
998
647
797
263
918
494
529
839
158
703
619
793
383
892
821
185
494
605
515
263
240
468
445
345
31
738
280
281
676
709
175
782
995
860
845
834
339
56
209
724
953
271
19
810
994
673
252
167
576
697
768
241
609
538
666
593
922
211
163
737
224
927
692
683
3
971
641
794
48
801
436
741
349
875
938
647
98
997
17
702
95
156
161
64
187
916
669
337
200
49
974
545
354
461
368
289
789
702
307
154
965
953
822
563
670
675
571
69
716
728
795
882
496
873
759
173
475
913
685
188
266
313
670
494
804
784
783
593
776
985
538
724
419
461
510
853
228
420
422
976
172
980
201
353
333
491
74
827
718
547
412
346
642
969
621
416
461
224
966
591
148
279
326
709
436
281
407
225
86
467
377
558
699
10
111
247
781
759
277
465
342
705
429
879
683
983
335
728
385
681
992
609
84
47
765
410
838
580
423
592
150
20
463
562
755
605
857
919
151
652
85
259
993
741
764
530
616
645
958
526
652
797
642
569
142
617
917
694
216
245
586
271
285
304
412
948
200
756
619
115
846
513
550
402
890
690
750
410
230
121
244
914
591
720
894
899
434
825
229
544
315
379
211
933
982
452
95
288
893
865
546
338
390
679
711
807
916
671
686
444
233
674
906
552
320
749
255
342
572
609
725
373
526
924
963
688
224
141
307
336
147
444
843
613
601
792
629
288
919
261
870
78
641
299
149
550
749
955
797
290
919
918
617
607
556
504
451
32
244
221
92
465
92
841
387
738
202
557
652
105
231
80
69
176
802
81
594
427
67
195
136
86
795
974
291
106
760
490
720
213
317
756
424
259
33
54
71
113
474
39
229
443
568
310
815
354
45
526
142
497
793
817
183
444
395
703
401
462
372
770
56
913
125
152
394
107
286
673
584
142
776
406
623
591
602
322
744
222
443
350
270
771
546
146
342
589
142
901
795
610
22
100
865
204
43
572
997
344
602
848
770
694
176
953
920
473
399
318
716
591
954
148
473
276
430
401
43
768
687
660
427
996
658
203
995
336
678
532
280
693
318
702
162
864
818
380
428
30
228
429
713
587
48
104
380
583
467
830
896
672
330
391
778
401
621
381
101
851
409
802
89
114
442
52
87
651
799
508
176
484
682
99
767
494
534
777
262
315
225
985
873
553
83
16
938
973
15
309
593
527
984
643
561
545
838
968
902
949
633
587
920
221
977
207
130
427
232
522
685
110
76
465
313
52
20
132
248
582
976
324
259
726
730
864
327
712
644
902
62
204
742
336
24
611
782
530
133
399
390
695
974
832
235
715
821
833
576
569
237
576
27
281
131
428
91
585
578
163
705
418
711
921
855
455
908
290
6
817
517
506
3
629
75
473
660
227
354
39
102
223
400
642
744
108
669
473
180
839
798
840
112
403
937
716
986
376
576
669
854
693
903
868
303
659
8
820
273
485
232
862
414
307
799
60
293
522
352
929
324
743
923
795
525
398
732
770
699
873
672
394
262
911
235
662
389
600
326
825
284
126
322
652
42
251
909
825
652
700
195
777
71
308
656
373
334
6
201
959
980
443
636
648
983
513
194
135
772
27
807
397
430
176
281
382
178
272
642
505
705
541
449
100
854
694
352
439
64
275
461
385
984
162
208
389
728
632
754
344
676
826
817
789
610
620
580
467
967
281
628
729
886
590
613
354
662
41
266
843
795
42
468
36
656
729
955
212
7
413
695
316
565
421
212
952
921
943
249
153
222
833
760
951
435
128
192
812
471
787
570
12
851
822
880
86
613
690
237
892
971
92
841
146
889
394
186
635
528
283
861
907
975
452
203
783
435
720
678
818
502
457
832
6
191
113
191
959
695
845
779
178
174
394
431
147
331
254
936
732
633
576
305
766
975
596
191
959
908
171
750
238
806
295
367
889
444
370
437
288
697
419
950
578
494
794
599
722
918
623
394
199
44
712
741
5
143
557
596
837
296
718
23
786
964
847
991
812
443
121
583
99
683
128
925
671
411
961
976
980
175
725
854
877
826
284
452
34
584
108
614
13
803
54
593
924
738
294
80
442
378
275
148
489
298
15
645
112
911
17
857
967
482
333
656
771
24
690
839
939
851
804
101
250
796
538
894
479
624
135
532
882
652
137
87
812
699
993
76
103
899
437
389
155
684
207
431
837
495
369
59
350
669
428
548
251
55
306
15
373
905
288
477
965
331
250
876
414
737
756
420
870
116
545
210
256
461
303
430
283
600
468
327
780
777
883
725
460
342
374
401
706
164
338
56
78
805
668
803
225
253
491
645
498
635
259
315
794
952
647
330
395
500
320
526
270
273
995
331
341
188
711
149
113
230
540
186
95
348
491
980
871
882
508
41
783
398
514
444
396
352
360
585
110
615
541
691
397
281
976
303
503
840
398
759
283
691
673
535
890
299
694
586
667
6
460
350
707
781
20
475
547
896
679
372
310
289
645
47
220
598
501
601
663
606
417
535
306
853
432
669
439
540
265
565
550
84
776
802
318
390
933
950
573
994
539
749
287
667
310
658
796
843
224
94
372
6
596
182
655
973
64
292
150
675
807
641
914
654
96
625
380
586
7
278
913
815
278
930
551
817
49
776
912
466
526
271
317
805
129
23
19
397
229
768
57
753
465
365
527
209
692
84
708
733
756
642
13
431
2
38
535
441
301
733
646
344
766
305
745
456
348
995
737
902
27
528
929
998
487
31
533
783
590
763
156
772
77
111
886
243
721
181
791
348
22
151
826
414
793
983
404
659
405
282
308
263
657
147
75
872
361
140
420
82
947
512
156
863
937
175
376
249
483
564
525
156
726
393
529
426
559
194
353
785
292
175
315
598
301
736
434
52
419
933
328
115
616
65
561
148
716
485
605
968
928
70
656
93
190
476
857
20
439
501
769
446
574
412
980
728
804
960
772
125
142
987
686
473
740
613
396
127
470
598
401
307
955
613
124
146
770
20
132
843
765
382
140
808
843
270
41
317
594
710
352
877
981
218
852
49
756
227
674
436
15
291
690
283
423
980
921
664
993
929
58
987
763
214
294
545
109
98
817
923
471
908
837
367
472
332
528
329
123
446
459
331
901
87
155
457
829
458
184
911
73
64
351
940
268
543
190
398
314
402
632
322
31
102
349
685
700
258
796
825
928
707
168
255
316
948
159
743
639
953
367
965
970
146
176
859
463
947
744
107
878
628
691
481
496
130
839
782
921
211
818
754
675
536
607
14
926
589
553
316
956
669
340
999
53
258
987
180
251
801
724
851
509
42
803
805
5
958
691
558
143
139
977
276
988
489
675
895
320
290
435
132
719
826
645
729
651
69
644
574
559
230
21
610
200
309
498
929
450
293
409
569
896
286
788
99
714
54
549
101
729
29
889
114
804
890
670
640
540
961
109
648
265
563
856
267
343
8
786
428
57
531
2
659
271
490
156
813
70
596
369
686
82
538
576
135
536
904
183
513
291
830
389
684
159
434
221
39
657
379
383
520
310
847
355
726
839
282
122
156
223
416
463
185
848
152
129
660
349
563
441
730
812
826
825
604
735
349
993
384
647
822
823
306
978
897
35
338
135
115
464
778
106
523
915
580
260
749
233
263
610
563
496
853
745
522
115
21
200
116
330
521
19
480
861
794
462
379
350
941
742
463
593
72
597
765
79
229
787
697
54
481
392
397
701
617
538
194
448
661
468
897
740
22
330
772
834
988
464
694
980
580
434
483
655
638
654
582
957
566
32
455
294
688
354
110
979
502
588
583
889
315
149
103
78
870
598
364
268
193
153
358
56
908
502
864
906
21
748
470
666
811
216
440
497
564
570
428
638
548
820
404
129
521
174
701
100
434
976
867
586
484
10
642
314
997
287
38
353
383
659
595
744
343
139
808
535
716
257
470
678
584
631
496
68
545
410
186
137
983
828
346
931
758
570
839
588
331
750
753
23
322
908
235
385
608
256
78
729
817
773
158
5
177
7
923
607
780
557
30
304
551
476
170
795
307
408
151
45
254
191
314
542
332
335
478
930
300
831
556
10
996
315
248
938
578
943
208
587
213
588
273
100
84
873
993
917
148
724
256
466
929
753
540
542
873
981
695
426
232
9
894
521
826
257
678
1
731
817
43
916
525
35
559
353
421
93
144
159
614
128
293
166
33
159
500
981
556
530
772
707
952
507
749
953
984
134
808
172
296
876
860
842
568
448
854
55
434
734
771
70
635
297
226
260
897
679
827
999
698
772
379
174
814
175
258
323
169
696
592
915
416
690
321
422
212
740
275
343
837
147
144
974
698
185
776
779
823
227
516
931
862
25
117
346
220
833
507
802
13
506
480
513
622
220
698
128
663
820
817
58
159
495
817
861
12
400
293
985
991
111
364
1000
570
935
308
299
404
365
746
645
234
251
357
127
357
115
200
38
278
278
274
855
46
923
985
429
842
128
393
220
199
551
894
411
519
546
536
818
300
433
903
624
725
946
970
548
267
716
605
824
826
197
194
750
809
344
500
526
80
400
498
520
269
392
500
765
7
354
626
41
551
592
811
627
824
664
710
965
445
326
690
209
496
601
793
615
359
393
66
46
442
993
712
169
488
132
739
387
554
600
687
228
107
802
883
281
460
93
829
599
712
363
991
784
471
953
19
837
225
280
421
563
301
887
728
850
124
712
310
2
564
906
103
399
799
894
362
18
129
465
126
281
705
424
215
266
734
40
351
93
951
22
468
796
570
361
720
694
340
864
152
343
744
566
286
955
349
564
674
848
397
520
490
257
747
135
877
659
479
253
124
412
708
353
4
212
397
562
199
168
532
889
540
231
580
22
945
618
102
764
585
827
280
9
609
761
466
14
54
682
455
21
483
873
235
112
848
513
231
937
462
260
743
65
913
791
800
580
839
623
219
583
820
460
845
974
204
124
674
60
608
292
770
298
559
886
707
595
970
90
743
542
267
560
5
450
824
27
179
917
928
221
769
515
921
581
373
939
931
169
435
943
225
666
541
915
602
453
927
89
741
79
381
649
177
119
528
37
941
791
526
152
970
934
906
55
607
15
752
910
124
314
766
515
152
339
873
306
313
479
389
900
295
178
924
676
343
299
745
945
752
561
599
860
492
501
242
122
822
604
898
940
561
115
582
223
101
864
54
40
963
744
323
420
448
631
672
708
602
277
991
214
672
70
659
15
263
205
480
93
780
791
370
92
57
938
382
281
95
959
710
63
474
126
870
788
968
842
153
770
93
208
174
592
932
182
364
570
149
114
33
99
356
964
208
741
590
631
837
50
673
503
685
403
301
513
213
973
346
366
475
476
187
479
612
789
286
230
35
292
312
518
665
44
555
144
356
893
271
89
986
859
126
981
318
334
392
396
85
525
564
671
992
62
158
793
768
866
433
122
921
361
574
31
465
133
85
358
785
989
488
371
860
417
787
480
203
357
688
156
861
177
273
906
210
476
771
366
701
138
325
529
876
181
427
986
505
30
880
835
571
865
30
136
986
606
47
100
396
131
578
971
14
113
324
431
969
708
14
478
821
3
83
588
42
971
189
875
554
996
835
164
324
601
295
774
722
716
120
41
62
235
409
85
899
271
447
641
575
925
792
868
312
146
59
864
832
806
13
887
825
965
104
987
199
581
155
635
974
121
382
706
494
768
916
445
57
684
63
562
444
91
500
60
788
104
75
197
272
957
181
430
980
600
881
893
71
881
22
136
623
752
523
172
84
111
619
872
343
366
258
679
692
865
627
181
734
792
312
775
67
877
932
721
47
151
827
907
974
614
620
451
808
550
717
859
553
599
943
167
249
551
441
765
771
382
655
134
461
642
640
335
727
819
308
879
498
103
868
371
4
920
486
213
113
943
832
136
792
85
163
898
167
505
373
522
388
196
662
450
667
575
465
986
747
710
415
615
647
305
892
853
190
703
642
908
813
989
80
938
358
26
818
397
177
986
442
550
81
61
990
295
989
320
530
77
707
851
685
429
668
339
809
348
831
662
326
961
584
715
481
843
179
380
989
162
275
376
617
735
141
164
811
457
113
366
589
936
298
455
78
481
733
119
200
74
277
677
990
123
27
350
590
56
348
702
590
65
35
632
870
594
875
455
308
747
395
302
758
180
30
979
536
275
776
196
428
864
736
12
109
341
617
479
163
362
886
372
17
345
374
327
371
235
859
887
823
980
887
495
296
200
292
437
773
101
505
127
726
184
791
839
392
375
258
805
200
711
806
767
478
983
882
356
696
410
690
561
146
519
962
178
111
200
732
471
678
440
12
927
743
299
639
817
323
456
957
588
886
980
599
968
280
362
579
605
154
705
301
177
207
653
396
105
31
907
571
491
753
304
739
524
767
882
877
239
932
224
342
792
903
686
695
139
517
742
328
399
366
400
878
293
64
858
186
41
917
146
305
339
405
683
428
451
374
567
612
225
955
789
645
534
250
97
86
845
852
199
171
15
371
544
571
397
989
889
746
152
864
270
80
133
147
695
697
431
182
596
210
775
659
999
422
596
302
167
980
962
876
940
964
944
805
604
9
51
763
954
456
968
349
382
199
718
718
351
142
558
502
280
267
987
407
697
146
460
630
259
572
854
767
256
123
373
842
897
508
702
768
910
410
862
751
364
835
730
276
237
372
906
402
980
828
751
179
298
958
122
917
504
609
688
727
274
655
842
293
392
716
800
642
625
74
795
41
702
497
649
885
121
287
313
456
979
44
127
767
429
284
698
681
924
745
140
883
962
832
630
666
797
821
499
306
682
616
526
35
857
589
263
169
958
31
506
916
695
464
379
226
437
746
613
613
898
919
571
801
831
7
166
67
549
338
157
789
483
590
36
361
622
50
193
424
772
771
218
546
923
925
707
285
483
171
681
543
582
1
378
18
989
238
906
646
976
418
123
83
741
904
459
869
51
387
694
873
984
232
45
129
952
5
967
809
54
413
928
120
940
689
446
46
992
199
637
90
607
709
409
542
377
350
126
472
189
919
450
693
422
396
119
439
370
891
75
398
967
10
480
399
448
580
605
671
596
775
121
785
882
709
514
695
816
764
132
993
155
992
299
233
593
588
331
200
125
415
338
602
456
114
904
245
584
502
477
141
359
653
13
770
926
963
930
297
823
630
645
517
377
713
870
842
655
746
730
802
421
723
971
499
480
241
562
119
878
525
615
245
178
526
925
695
468
251
3
866
449
556
65
134
657
619
863
876
379
238
330
419
392
101
871
596
1
556
573
384
971
81
662
299
690
937
92
33
291
65
498
888
386
706
203
58
768
625
773
828
43
346
248
277
526
661
669
914
774
146
465
55
60
172
595
832
308
280
111
752
997
615
401
296
253
212
860
205
153
900
345
763
105
363
571
521
904
324
96
162
814
260
668
819
73
53
676
436
444
402
228
269
88
572
798
880
989
52
292
668
464
300
66
521
583
569
916
646
876
560
501
600
343
423
760
810
247
354
523
305
976
768
93
34
542
376
577
637
709
571
506
995
205
845
16
246
867
826
520
222
432
347
252
208
793
328
280
771
610
751
674
131
176
132
302
297
754
758
372
623
800
73
971
29
293
207
112
912
438
705
797
681
892
956
301
538
771
342
890
792
774
751
235
990
479
22
463
521
72
823
83
358
60
126
782
695
72
183
115
287
166
432
229
357
828
394
928
625
11
75
136
821
423
66
307
932
92
426
792
497
128
625
877
853
832
791
554
28
400
293
96
584
727
725
955
466
580
730
943
634
176
2
582
942
227
89
641
322
456
564
1
342
647
68
910
271
335
784
71
983
510
192
392
211
298
594
372
950
1000
655
454
821
936
334
466
586
43
384
252
549
140
175
584
217
860
439
649
346
139
840
470
190
674
446
507
586
491
634
540
847
423
648
615
546
215
323
274
191
178
727
738
524
792
142
902
752
446
692
968
392
962
438
220
759
215
260
615
963
978
738
436
252
577
184
724
26
57
138
670
208
331
311
360
74
914
684
397
166
393
189
6
961
24
274
810
916
139
211
677
262
445
247
303
850
244
859
919
284
761
313
126
153
435
691
854
514
396
454
113
876
779
343
214
2
615
247
366
803
974
835
985
316
819
501
93
258
488
430
558
388
781
839
362
180
440
675
497
141
667
147
1
951
43
885
693
521
778
490
684
251
723
754
735
469
655
99
532
222
28
485
586
267
81
3
939
935
182
387
975
695
324
762
743
427
139
614
900
208
569
786
535
17
884
164
129
266
702
886
637
107
314
262
852
90
180
381
301
674
482
269
34
361
714
982
141
460
9440
