18449
488
483
704
438
324
289
525
304
24
510
185
318
442
695
364
858
847
368
636
737
358
760
932
577
546
801
433
510
66
649
704
751
995
749
976
806
258
595
338
982
884
607
950
259
529
802
245
578
342
980
873
315
568
69
464
999
489
817
438
689
778
846
850
278
74
802
839
84
550
99
660
876
327
383
466
658
289
125
56
421
700
569
366
744
984
610
853
249
486
221
290
437
297
203
737
288
63
491
873
681
506
603
774
415
929
125
902
844
92
34
583
883
790
71
330
924
968
311
32
631
875
958
489
422
921
328
397
288
337
595
976
875
209
40
266
664
890
531
290
576
451
680
340
528
103
44
453
908
559
265
829
378
800
203
823
662
801
617
483
751
272
376
650
301
958
991
161
456
940
760
220
693
446
422
53
532
523
185
730
794
818
102
16
32
815
625
573
795
40
888
98
212
233
453
320
899
943
680
142
477
590
469
715
156
978
176
499
742
639
746
740
779
780
821
741
716
184
279
566
723
809
287
999
423
741
779
66
109
852
265
797
68
504
201
269
263
822
994
64
406
734
720
702
237
3
861
561
179
617
851
2
355
431
133
985
478
631
928
6
645
514
128
461
501
912
708
554
712
122
204
924
977
994
94
16
385
217
579
536
488
875
828
733
72
904
875
360
448
659
904
777
802
154
640
768
80
444
743
104
543
661
246
116
858
673
802
386
492
22
833
396
717
988
234
217
252
199
236
515
653
856
705
59
557
189
261
936
651
319
585
268
473
702
18
460
833
384
411
362
344
17
934
982
954
963
85
604
291
136
748
130
961
793
118
999
343
239
707
756
901
28
723
838
392
624
779
699
667
973
372
89
254
921
314
494
844
113
499
483
107
820
938
886
121
243
86
576
551
772
628
488
230
825
297
225
295
232
663
634
564
921
272
58
711
276
112
811
419
491
878
224
347
255
454
479
638
300
236
671
805
434
673
235
458
350
133
43
634
690
349
648
233
125
946
300
637
526
38
847
518
84
287
665
201
771
823
939
727
397
290
777
499
190
314
419
970
463
603
84
988
160
711
872
912
792
110
707
604
57
361
127
373
282
636
512
392
752
359
997
518
624
754
176
894
582
231
880
910
627
319
200
187
582
363
496
744
644
579
86
928
119
251
985
19
932
614
643
759
72
101
768
891
428
393
426
108
487
504
968
900
49
419
998
953
256
574
584
116
59
246
725
243
64
11
732
400
554
150
759
924
864
705
343
441
927
482
971
432
343
149
391
933
821
601
306
183
53
314
754
344
233
969
677
469
205
726
895
743
900
273
168
777
420
442
854
654
139
722
846
557
784
841
804
107
233
799
290
585
556
77
416
747
824
500
961
804
223
401
490
816
626
169
128
884
509
545
46
621
814
972
11
512
909
900
277
672
600
105
421
846
857
333
786
500
25
508
648
66
357
99
448
198
361
619
198
984
884
606
128
551
675
729
83
858
580
920
713
547
943
91
562
826
5
780
247
538
756
803
901
438
955
730
897
995
126
623
522
396
995
995
211
718
180
52
434
610
257
105
271
271
642
928
445
328
701
823
260
543
1000
941
977
274
790
429
585
637
6
218
165
409
109
12
238
405
240
672
460
848
493
317
632
806
802
806
198
197
960
874
826
850
451
877
788
919
404
146
63
465
48
836
642
853
372
37
690
485
650
681
783
636
682
603
509
193
242
283
309
546
373
317
255
635
85
714
712
268
194
423
952
912
799
622
522
582
269
44
852
394
794
472
347
42
129
75
625
660
878
365
756
771
291
410
23
984
570
20
54
279
168
999
798
16
212
82
535
21
92
71
829
674
29
495
194
227
403
803
977
743
661
77
665
939
194
538
812
217
880
643
664
694
814
169
392
918
805
114
358
771
840
954
304
634
830
940
407
414
338
710
441
164
396
451
700
621
937
954
957
209
695
763
773
417
457
47
278
63
30
32
80
227
368
135
359
605
658
616
553
810
636
178
404
843
350
995
992
757
605
662
952
645
828
809
566
7
719
943
638
498
561
174
606
294
69
743
949
925
197
456
939
76
200
964
881
99
682
448
503
216
280
98
533
49
838
7
866
702
823
754
684
418
907
106
402
176
734
241
302
566
512
818
521
875
205
500
851
227
642
308
678
37
463
274
351
417
838
155
652
980
113
748
761
883
984
174
747
78
581
628
581
185
110
372
160
277
194
971
20
449
333
257
49
825
813
600
165
239
933
497
411
456
755
447
507
613
645
668
473
274
810
10
451
55
828
307
971
683
685
228
687
475
617
239
487
211
268
885
176
565
102
333
776
134
134
101
526
261
336
30
280
100
141
186
784
932
154
336
493
259
128
2
575
201
70
202
846
98
637
417
189
746
546
324
588
147
237
593
518
78
277
306
993
459
353
821
631
305
163
306
164
937
944
434
925
659
570
245
945
68
699
679
637
12
525
33
131
80
392
811
530
141
625
500
316
222
649
923
457
995
356
331
839
838
986
758
109
255
906
749
149
780
801
529
117
880
878
74
745
651
978
166
763
386
439
364
804
597
396
351
200
820
550
872
236
823
909
755
870
186
545
830
985
66
930
113
621
556
692
353
293
577
720
12
94
291
216
693
648
801
288
531
49
832
598
397
491
72
49
946
542
670
542
673
87
303
909
597
911
348
538
455
373
367
88
291
906
470
568
625
538
559
662
662
852
62
40
361
352
105
506
710
163
852
707
783
372
54
261
688
734
709
631
548
489
813
696
303
599
376
610
51
515
965
649
932
334
435
17
594
222
679
69
19
969
968
319
730
423
650
393
509
176
43
590
300
238
373
712
296
192
805
689
395
60
95
627
57
449
217
864
808
672
999
674
323
719
779
9
480
473
589
951
433
140
438
399
746
908
374
701
303
954
591
470
229
488
7
460
152
468
528
49
949
664
230
974
661
714
985
458
584
657
31
531
746
403
620
423
424
175
674
749
23
831
177
505
501
949
572
381
979
842
705
191
627
357
978
560
915
183
651
164
909
121
849
917
433
743
401
100
258
38
699
814
98
694
1
413
667
512
599
342
888
777
533
380
988
15
34
938
932
630
583
668
458
499
44
34
54
940
389
168
884
394
301
263
326
510
586
334
145
48
705
336
139
977
737
966
559
480
104
913
456
50
400
649
38
792
549
731
410
286
676
995
899
306
631
938
933
843
264
444
37
935
579
813
829
920
209
782
254
416
361
450
98
940
537
454
464
720
704
120
715
979
995
763
402
114
608
744
226
617
105
257
236
105
67
611
553
183
603
149
9
462
476
356
699
131
973
396
472
469
973
174
469
506
581
22
85
541
621
2
957
293
828
622
872
905
48
672
754
168
383
578
108
265
808
717
759
258
216
760
130
25
861
298
777
488
355
192
631
477
131
268
142
225
650
262
314
138
266
185
578
560
681
903
86
545
10
854
656
410
400
613
690
396
739
653
17
40
243
727
404
63
525
74
708
162
449
901
823
413
196
755
302
992
211
755
882
40
98
330
611
896
368
474
51
270
104
534
102
421
490
918
425
171
118
167
264
531
259
270
628
342
122
685
196
325
156
320
385
184
420
244
938
741
940
73
518
312
59
432
41
472
105
851
835
60
91
695
991
250
509
410
750
194
927
472
559
305
751
789
211
608
881
913
27
567
258
860
839
635
191
455
646
213
996
54
967
102
336
844
99
705
43
472
321
360
852
48
804
695
791
720
812
719
792
415
837
393
964
132
949
68
297
691
587
37
195
391
696
518
311
815
115
258
549
804
77
11
876
135
872
831
107
869
202
337
204
640
279
86
862
294
355
238
348
425
12
632
463
390
746
645
882
294
593
360
117
965
690
748
931
126
602
324
764
982
958
836
206
291
385
598
31
470
669
762
363
903
145
473
694
666
847
440
62
326
545
225
569
983
430
983
343
590
59
126
472
174
312
703
512
89
464
437
978
157
232
154
907
30
992
500
309
897
635
870
606
851
999
806
185
814
994
318
805
305
710
922
283
696
435
355
285
281
46
611
330
72
808
623
588
392
991
741
758
872
934
407
474
47
333
581
286
802
793
56
625
822
200
751
340
147
361
947
865
449
901
370
246
363
892
1
767
429
421
981
229
859
818
58
266
163
850
161
927
91
157
516
871
65
17
346
776
55
355
886
73
910
532
440
27
130
312
327
325
386
585
488
403
113
270
417
985
137
601
645
430
881
612
398
984
75
535
865
930
580
339
247
293
738
441
954
635
514
714
355
539
935
152
80
803
72
63
198
679
165
308
547
749
545
207
330
379
616
267
414
324
514
384
339
153
312
69
154
976
865
680
545
661
600
697
432
936
141
739
744
697
121
62
150
993
433
759
248
613
445
764
809
338
242
379
774
227
419
793
200
261
123
866
876
574
253
766
456
958
174
671
608
338
971
660
328
803
157
331
399
586
725
526
877
501
482
376
259
706
405
909
722
865
607
490
21
619
100
950
51
52
926
94
747
268
111
919
119
236
871
79
796
266
77
728
130
429
465
124
346
435
669
805
233
519
350
655
664
697
333
74
572
111
328
640
943
653
653
974
397
428
772
891
973
285
525
51
244
395
911
792
456
211
530
396
120
309
23
649
298
537
455
94
745
251
584
619
200
947
917
484
641
597
158
663
684
965
933
63
450
811
583
669
493
708
806
90
76
465
74
362
567
643
878
937
273
872
892
238
712
633
103
511
977
237
855
648
508
188
963
35
417
361
636
795
109
627
794
464
943
697
350
592
45
427
986
973
955
842
699
248
385
958
64
744
990
955
534
327
237
864
177
190
273
834
113
469
802
970
121
932
720
301
900
469
566
788
626
497
980
386
818
77
620
711
345
627
423
524
653
875
523
359
835
381
761
937
164
823
608
370
211
976
446
538
178
187
382
956
788
772
151
497
882
745
845
282
291
374
910
263
501
115
539
680
462
357
462
97
492
508
590
90
932
351
378
109
250
892
697
935
609
972
556
303
148
28
10
194
351
187
601
271
223
840
2
245
425
907
354
984
73
766
559
593
202
255
780
203
36
551
683
652
141
94
979
135
663
523
888
488
80
621
303
203
206
242
380
733
533
24
806
956
31
73
838
605
735
848
700
500
101
865
288
419
301
27
786
580
258
614
532
782
78
140
235
330
616
374
310
288
536
69
858
554
786
161
429
437
163
232
832
335
36
40
621
786
992
137
811
984
557
304
893
274
917
26
42
587
90
386
211
45
956
680
719
721
709
252
104
775
451
610
358
297
690
799
918
956
345
334
366
933
781
798
428
381
244
555
172
95
289
495
285
456
479
461
718
778
13
226
540
595
166
172
202
301
624
649
281
206
132
148
180
134
512
82
275
379
772
597
804
677
434
242
660
163
538
86
276
146
111
560
468
738
709
162
398
128
493
91
378
207
623
203
322
34
489
848
746
854
377
283
583
465
751
330
891
599
594
536
187
90
88
466
229
945
632
936
565
800
160
962
675
100
279
638
402
834
585
996
634
501
454
305
384
11
238
236
769
483
836
364
540
646
271
973
831
139
500
412
803
871
797
1000
271
536
269
235
100
691
793
645
979
466
86
642
941
896
788
482
610
966
691
744
336
170
295
807
99
305
396
366
584
549
136
16
742
513
794
799
123
767
551
38
698
907
94
533
5
924
228
349
333
184
353
328
699
948
454
487
855
259
524
381
48
71
36
27
973
810
402
455
758
492
678
657
751
222
745
429
192
254
903
516
461
748
658
353
454
654
826
336
400
489
918
329
433
489
409
516
493
191
485
517
584
167
601
990
164
158
585
223
40
464
949
457
18
993
117
603
241
481
415
536
333
469
360
530
136
225
810
484
506
69
20
814
393
637
324
398
357
614
782
819
827
674
607
718
574
832
209
203
8
197
420
837
62
44
354
647
145
474
714
572
621
503
695
968
355
822
184
583
515
668
586
46
206
610
574
360
711
279
713
419
630
795
639
522
356
936
271
10
635
793
347
395
954
780
430
307
913
398
580
11
393
92
17
627
194
508
511
201
747
342
635
761
434
447
446
987
297
174
987
848
377
937
893
121
466
703
659
889
348
458
225
431
732
233
883
766
181
913
533
117
874
464
660
427
832
524
81
980
641
337
495
479
908
170
197
603
824
238
316
742
465
964
812
117
176
12
595
2
934
742
766
589
789
144
315
751
41
373
724
916
556
1
870
461
503
614
275
819
938
981
139
371
565
736
411
585
766
227
303
254
153
402
458
625
802
921
311
469
855
533
384
224
938
311
949
593
924
351
413
550
304
340
34
898
671
866
919
792
141
663
693
114
966
363
583
710
110
333
716
941
75
482
15
443
296
171
461
317
856
417
959
321
964
232
856
884
701
147
991
429
655
278
338
453
243
759
709
139
11
188
375
491
243
512
336
569
956
553
622
40
207
652
184
832
676
346
694
865
562
731
191
973
552
617
578
543
549
76
343
373
998
717
976
683
953
325
603
458
262
160
92
451
711
807
841
407
355
42
684
845
678
555
410
464
95
636
325
139
819
595
601
790
179
799
384
319
595
528
713
680
788
878
367
973
585
815
331
347
464
923
988
778
125
910
587
140
348
858
341
475
622
425
819
221
550
454
825
893
368
164
675
718
918
55
512
934
470
592
588
975
489
740
42
628
689
824
807
353
395
252
367
93
869
514
435
17
287
401
62
637
340
313
36
531
819
224
446
388
912
949
82
839
697
211
738
597
836
962
354
923
851
941
484
792
712
10
920
157
473
474
928
106
724
865
483
354
562
971
949
738
806
901
471
77
288
120
605
943
675
747
985
930
169
760
484
125
960
557
471
33
609
92
712
369
596
154
181
695
868
55
772
328
609
644
683
928
952
366
118
627
540
77
814
130
36
584
733
777
188
825
952
653
470
234
721
768
340
729
856
544
193
566
300
402
648
450
868
813
801
820
105
572
881
91
324
546
485
556
221
475
887
860
293
623
710
33
829
945
870
600
457
495
643
949
330
519
427
514
604
566
425
761
95
754
536
800
529
114
490
509
175
762
641
956
957
44
821
960
31
620
659
894
973
784
784
666
4
839
729
660
179
603
932
832
644
658
958
498
989
936
333
794
508
271
282
127
631
232
686
639
478
123
821
110
937
144
615
69
50
410
335
315
581
568
811
685
346
852
669
906
436
427
656
384
544
582
592
606
627
70
579
432
92
981
938
259
653
190
375
83
207
187
880
32
646
999
468
232
814
291
140
85
430
880
565
595
408
53
119
387
979
295
830
214
546
466
108
861
859
4
971
485
127
834
990
979
455
378
818
338
286
26
599
379
971
368
486
998
904
311
769
349
627
228
360
103
885
592
868
396
348
860
640
961
690
804
734
101
452
1000
680
568
692
854
105
269
951
726
909
284
379
415
49
363
395
528
17
348
630
307
960
247
841
244
367
635
49
183
297
804
177
319
835
525
325
169
2
61
429
256
357
179
43
791
549
646
266
902
112
632
430
830
704
940
220
677
604
223
530
641
697
104
459
194
45
889
858
713
914
330
351
677
162
836
646
934
55
633
562
842
224
242
876
324
183
913
969
424
228
475
584
142
489
822
103
207
986
807
48
918
411
976
514
725
544
159
700
313
970
92
653
304
163
719
881
436
230
273
918
376
966
677
788
218
65
177
90
960
96
105
999
711
980
889
239
913
407
277
262
343
99
11
591
78
549
272
760
674
815
926
634
172
564
653
856
678
974
202
940
345
850
274
875
752
180
734
901
383
751
425
328
421
118
309
871
183
326
579
13
229
588
618
578
515
521
397
795
598
269
391
717
343
344
770
53
160
719
780
994
519
116
868
749
5
748
863
404
688
839
566
315
465
393
243
402
168
440
183
539
367
849
423
200
350
12
521
957
116
995
941
149
827
980
292
867
213
78
252
603
518
91
270
482
266
292
418
666
930
728
481
464
999
41
965
503
465
157
76
350
650
589
452
100
175
275
548
537
738
195
478
709
579
696
92
532
522
634
180
537
536
225
237
321
262
949
561
493
241
877
901
795
457
56
94
731
785
59
227
890
866
84
615
724
542
696
706
326
752
174
929
859
749
109
333
680
248
601
112
737
124
632
543
731
778
87
910
787
999
375
906
52
903
702
481
7
979
410
857
348
314
30
659
149
947
937
689
782
389
10
931
491
310
425
986
97
131
354
433
205
149
871
216
194
392
835
833
407
381
359
219
89
574
636
28
221
257
4
314
149
814
776
929
227
798
689
897
773
264
359
578
481
880
136
284
183
954
842
94
883
267
379
284
326
753
947
556
69
542
584
846
746
67
301
450
869
173
996
961
561
429
260
823
32
57
585
758
98
942
548
759
971
618
828
462
391
536
703
102
154
496
746
51
516
7
590
263
218
484
282
895
857
385
672
560
342
152
631
22
638
965
488
508
702
421
9
207
621
721
252
291
464
570
277
546
606
114
219
850
119
459
561
330
753
320
635
839
926
956
308
393
391
80
907
984
431
714
566
800
817
588
375
148
402
197
86
418
550
586
445
554
700
392
663
263
9
937
421
989
878
501
674
552
21
805
424
633
439
115
750
118
977
959
464
8
162
874
557
666
586
231
656
172
419
267
736
184
785
944
908
506
302
462
954
905
277
990
575
622
794
336
834
101
35
260
561
843
804
354
485
835
183
724
752
53
745
838
583
226
79
357
936
718
362
222
603
921
659
594
379
615
501
603
262
519
491
845
58
119
905
729
562
763
363
649
529
146
748
327
330
776
365
814
872
32
376
562
923
262
623
715
332
958
149
181
702
492
176
730
986
160
325
976
652
861
975
822
664
559
181
63
414
462
300
991
28
322
348
118
511
539
104
742
457
604
30
752
435
771
366
418
592
860
123
577
583
519
101
219
118
471
295
258
521
439
36
495
984
594
682
465
522
170
830
186
608
756
468
817
831
55
652
578
864
323
461
499
860
733
252
45
182
884
691
503
501
159
916
120
557
821
556
861
141
545
220
584
112
361
930
767
42
147
310
966
861
439
253
491
305
967
476
120
972
563
572
924
452
691
426
473
64
40
512
325
467
210
911
192
964
194
951
603
574
817
403
320
374
632
652
298
181
153
560
285
515
420
730
484
268
906
212
329
604
399
674
545
581
494
659
494
216
843
762
342
527
389
703
420
367
736
265
427
20
185
392
753
181
989
431
462
457
551
766
460
734
44
953
568
837
971
60
119
242
66
438
450
722
841
562
190
483
268
160
734
460
144
36
302
516
707
623
706
307
301
794
488
677
763
219
669
467
123
762
329
835
697
556
559
737
345
825
457
32
302
114
202
841
158
826
29
126
607
899
292
380
656
160
944
355
550
339
757
822
123
518
589
1
585
439
112
757
6
495
261
385
203
364
67
581
508
749
415
749
384
368
869
647
984
231
647
543
165
375
44
647
786
159
578
667
979
27
12
873
509
859
139
550
48
177
616
932
745
458
474
156
440
700
582
657
535
973
231
446
208
202
512
972
932
230
11
46
322
84
4
671
392
869
751
48
362
555
127
949
318
220
294
483
316
643
389
185
255
599
939
656
584
526
559
16
502
657
705
144
563
379
245
793
613
110
435
132
167
513
373
292
966
650
620
941
591
821
195
188
407
915
403
394
813
16
576
654
928
464
134
416
435
508
762
184
209
343
879
806
114
980
51
351
7
217
982
747
48
753
473
679
512
726
445
530
631
104
218
552
418
239
964
643
675
996
834
40
148
442
563
384
838
402
503
434
458
445
734
627
460
428
637
222
385
409
191
924
286
32
797
833
316
968
12
749
61
411
602
497
341
537
730
107
297
383
189
711
780
503
935
881
805
380
471
15
55
618
97
59
231
576
294
274
169
558
784
214
296
188
124
911
871
755
116
295
768
262
650
671
973
205
783
305
432
331
28
64
154
109
908
64
651
40
368
575
572
997
282
920
462
759
663
716
318
507
117
285
725
179
349
157
628
791
552
100
167
561
552
152
959
511
954
627
125
150
826
788
608
90
948
306
153
403
397
672
555
306
516
374
410
218
309
62
793
912
630
34
437
703
151
547
304
779
746
370
362
374
228
66
671
204
238
321
350
917
385
111
588
605
768
287
661
904
67
202
690
929
183
87
130
270
627
755
34
6
517
126
691
686
358
579
901
464
828
508
799
632
501
845
630
163
192
895
664
738
476
485
719
177
518
546
100
907
574
604
861
997
744
229
657
89
870
649
914
433
54
960
555
955
44
992
342
293
477
283
877
404
797
861
619
664
328
846
486
848
919
901
353
584
280
888
804
531
229
783
604
974
525
661
333
738
636
618
124
290
140
201
59
549
416
919
528
667
857
192
647
695
987
448
393
732
893
726
764
552
379
490
85
920
751
566
605
143
223
20
375
836
43
113
284
335
256
792
369
852
177
696
736
143
43
140
367
399
37
673
919
626
265
628
619
732
27
365
341
659
267
208
804
77
814
783
670
887
100
19
356
360
535
955
272
468
599
633
59
658
330
835
565
895
12
10
174
895
20
979
623
30
542
848
102
925
240
420
17
746
233
173
547
682
618
828
132
397
283
990
959
863
302
760
773
659
959
746
427
95
913
486
143
173
404
263
323
538
816
292
46
505
430
144
13
93
531
197
564
507
243
20
551
84
551
390
160
624
821
916
851
794
55
736
912
892
160
499
664
947
440
2
887
926
982
102
2
567
864
903
63
617
790
534
6
330
555
399
22
808
544
3
515
595
595
873
966
115
319
583
735
614
758
457
719
720
501
166
853
326
633
150
498
993
610
422
813
260
676
743
345
246
478
329
557
487
191
69
484
969
3
674
538
970
182
148
436
377
250
904
399
269
164
862
769
301
321
136
344
957
335
175
445
958
944
302
34
413
220
854
327
951
584
638
365
323
22
959
648
296
426
490
888
758
40
50
419
89
562
292
362
634
89
711
511
704
25
906
559
523
812
205
447
29
339
352
639
196
91
569
17
260
9
948
946
204
566
926
699
403
85
134
473
574
161
912
604
200
600
110
777
149
428
647
888
923
290
934
46
500
899
313
570
602
277
238
442
313
827
172
395
159
451
16
166
266
927
793
871
226
352
150
723
390
666
296
731
773
478
819
986
334
449
841
177
465
417
680
268
480
651
663
740
90
976
615
907
211
377
777
720
122
478
473
230
971
449
527
60
864
17
7
711
359
214
32
81
716
944
60
747
58
277
414
16
370
57
311
178
235
545
942
427
995
557
298
183
845
539
40
2
712
692
618
8
490
814
507
815
491
978
897
380
120
114
167
478
621
102
659
514
705
345
938
742
272
700
554
163
966
845
887
370
854
254
192
770
663
271
14
326
428
437
368
359
478
524
217
593
801
321
861
654
848
733
355
896
88
76
461
863
156
929
795
747
875
121
743
309
295
255
541
246
131
956
470
124
234
626
757
200
3
206
301
510
819
308
828
44
774
275
444
765
717
503
711
806
16
397
177
703
606
467
596
321
585
114
148
557
532
564
320
98
778
166
802
260
664
99
695
81
620
691
892
513
565
264
297
877
969
421
726
582
284
969
295
910
355
725
53
562
1
618
902
767
183
515
685
144
132
269
798
133
340
24
367
940
946
382
282
302
80
300
143
66
833
852
727
335
797
703
535
170
799
902
988
27
746
610
800
747
11
137
197
529
183
487
23
853
921
36
2
974
712
263
348
461
432
206
737
415
195
568
1
129
438
188
966
154
428
287
387
52
523
660
523
538
431
222
408
529
731
133
613
355
561
445
861
143
783
40
542
871
176
134
730
898
412
504
383
916
397
312
759
900
186
809
253
345
458
209
350
434
895
182
305
236
284
71
240
400
943
212
572
880
977
245
720
261
42
562
864
128
394
402
667
378
845
161
720
667
88
503
121
800
187
291
393
904
399
50
75
814
147
511
8
717
157
52
75
569
186
740
230
597
382
51
694
542
173
881
712
610
750
74
315
26
686
544
339
306
102
150
586
543
98
932
614
448
181
619
3
889
795
689
529
245
733
341
884
805
311
509
717
491
394
619
322
917
455
307
771
457
188
930
877
165
706
809
709
724
912
658
372
482
165
818
461
315
469
574
556
785
982
839
922
719
482
819
287
991
165
873
108
993
796
1000
630
948
474
354
839
597
602
335
492
190
715
702
602
809
743
854
560
295
295
896
579
514
664
611
39
864
442
628
824
136
637
334
110
847
680
459
378
430
426
527
683
879
538
530
761
378
89
690
398
850
576
456
718
628
485
282
25
753
900
834
387
389
793
12
196
720
332
196
375
688
256
557
375
31
591
566
749
287
378
161
876
226
676
875
821
429
526
917
161
463
132
768
801
185
284
966
65
356
885
955
202
676
487
521
613
394
44
491
260
312
674
588
798
417
295
484
199
736
194
83
96
48
641
911
793
457
844
463
585
737
764
722
590
140
852
826
33
17
622
921
165
959
711
374
331
279
733
651
942
841
557
94
59
346
201
304
386
762
42
668
5
462
136
325
552
769
791
433
953
324
657
2
964
154
970
338
645
409
367
14
872
48
273
264
4
737
474
461
286
53
550
93
919
382
432
298
835
597
254
135
28
338
572
58
987
315
90
13
94
725
566
698
533
865
300
184
283
489
518
958
336
740
909
715
290
970
129
630
511
43
368
218
106
608
133
242
253
116
539
450
173
565
846
141
946
261
948
426
477
666
732
156
348
999
776
982
633
256
503
354
194
325
739
876
799
806
772
287
514
158
937
207
189
350
683
710
954
869
908
734
945
547
905
117
376
850
423
34
46
16
382
502
588
409
444
69
637
30
98
448
879
485
174
784
535
446
297
17
419
71
895
327
919
88
515
120
428
185
528
187
747
766
489
726
922
569
873
426
86
29
161
639
969
411
74
152
179
607
148
689
153
709
211
566
362
882
220
602
436
384
256
255
805
570
133
907
972
937
943
300
424
672
55
46
545
568
635
117
836
373
968
658
448
549
858
397
487
456
562
540
592
472
177
916
446
353
749
823
277
37
706
609
489
242
115
747
528
150
971
913
920
980
663
472
904
135
573
648
241
409
297
21
904
977
567
257
178
641
949
827
143
308
368
616
93
217
106
301
153
694
922
561
978
554
598
725
439
534
842
465
581
523
727
400
868
174
237
726
41
756
432
232
821
967
552
244
534
890
544
148
689
744
128
364
76
243
163
507
358
900
131
667
37
670
506
954
381
750
763
541
197
104
269
117
909
564
158
96
625
96
209
169
847
682
232
22
836
24
780
612
494
978
318
21
619
949
372
93
433
213
787
143
706
687
879
406
45
686
645
253
125
705
217
126
623
183
87
182
69
675
914
880
308
750
56
573
226
696
608
141
28
982
507
130
590
351
103
813
214
464
466
418
992
276
581
729
532
462
357
347
702
445
649
910
680
934
833
971
606
386
29
94
814
847
304
286
790
170
557
660
819
252
619
803
404
85
531
19
4
349
551
568
926
303
242
691
325
607
226
878
496
518
983
676
204
445
621
565
863
580
120
474
211
502
638
134
139
158
890
184
190
296
309
478
464
216
451
355
808
866
876
441
291
157
165
522
214
953
522
806
861
185
312
556
994
385
419
412
727
18
64
780
613
885
191
330
943
675
430
398
444
167
504
887
761
15
891
142
260
584
46
168
99
299
274
413
237
507
745
149
154
593
871
373
228
840
870
967
309
660
302
971
407
918
280
369
320
344
612
14
374
227
723
58
728
360
284
868
740
212
94
568
513
762
312
730
146
52
510
845
702
944
952
242
830
353
848
68
715
133
449
736
410
803
473
59
778
345
616
613
529
31
682
746
313
337
28
977
821
493
462
503
713
159
414
589
675
187
916
127
242
613
538
11
470
740
213
827
5
824
167
418
126
357
422
948
177
366
906
694
946
744
600
883
903
515
847
813
654
908
336
780
975
970
702
915
421
579
787
488
530
847
518
598
685
416
125
941
279
594
264
848
373
117
478
467
697
114
756
584
332
322
298
694
957
449
980
725
536
698
940
996
136
844
428
734
740
200
985
482
884
874
992
3
844
993
213
117
773
989
630
193
597
684
999
370
647
377
515
668
526
232
942
40
729
232
421
852
617
817
675
904
339
155
671
37
759
1
209
230
742
874
701
171
384
121
302
411
480
515
763
630
469
368
414
316
421
244
651
570
450
893
715
272
394
401
42
637
784
871
731
365
855
948
631
741
395
908
881
546
646
910
192
157
39
242
404
425
7
268
280
234
873
617
574
634
217
456
110
916
520
656
637
381
196
648
20
877
315
958
892
41
257
362
910
226
452
911
743
882
636
373
333
297
228
400
183
166
77
363
860
506
132
657
900
551
557
242
666
603
348
928
627
703
701
13
499
110
440
759
42
345
829
677
588
15
157
889
29
709
746
973
882
564
802
279
588
165
598
421
832
358
127
224
509
863
218
151
629
154
579
719
185
843
880
351
889
592
691
293
612
705
180
561
708
989
955
341
555
998
281
948
388
606
236
791
263
803
466
379
634
649
626
2
131
135
135
357
49
153
231
446
634
464
442
143
45
765
469
734
22
435
390
627
129
114
655
548
630
857
29
40
152
565
513
425
793
765
304
473
461
1000
196
638
875
506
406
726
197
227
267
530
431
796
884
950
70
228
73
390
910
735
846
837
91
862
670
689
274
513
60
671
730
626
840
579
268
348
231
810
901
976
485
140
843
110
253
869
179
260
766
992
653
705
503
905
281
953
768
690
473
850
127
29
162
299
75
278
618
635
43
253
973
405
589
807
715
770
186
266
361
180
768
855
735
896
117
876
854
109
306
231
399
331
346
967
74
331
246
886
851
631
353
79
862
126
450
522
210
400
99
408
13
512
844
605
212
972
356
531
117
249
779
544
627
219
479
686
200
816
482
311
177
150
687
250
366
666
173
915
97
767
333
474
54
922
122
505
80
381
266
214
426
94
381
298
448
389
370
543
25
473
905
15
820
578
281
320
902
755
949
394
873
284
84
740
884
759
569
433
665
396
613
614
964
54
279
874
84
503
890
889
330
270
128
444
716
532
987
74
265
876
346
594
156
733
629
789
126
893
10
319
591
208
814
329
218
537
718
137
112
933
260
578
425
510
222
153
73
333
441
436
323
281
575
315
580
622
46
168
98
546
975
362
565
577
483
644
660
932
224
430
639
629
458
74
618
951
240
517
75
460
936
958
247
715
151
322
363
523
765
228
569
178
755
161
236
798
283
717
584
477
201
301
700
258
649
518
540
131
489
577
741
929
676
292
330
585
767
794
629
158
186
410
917
50
912
454
8
506
420
881
801
155
715
240
700
215
149
100
818
428
645
137
268
1
11
492
175
25
357
834
997
394
164
120
260
840
454
57
937
454
649
946
614
525
646
946
539
329
879
321
845
438
627
88
184
518
209
132
111
806
228
646
645
76
702
672
46
574
292
443
728
756
403
626
969
893
311
704
776
582
29
251
216
917
287
517
450
253
159
235
900
104
654
27
32
986
72
467
207
195
122
725
908
136
979
205
339
684
260
885
566
829
396
419
361
253
561
718
999
666
311
460
72
992
586
354
24
714
580
259
38
241
898
647
551
116
761
375
741
777
66
505
928
303
783
335
732
295
84
205
305
12
123
568
197
294
765
690
595
58
989
339
404
627
67
407
381
866
238
611
483
971
692
531
732
918
55
865
436
61
421
667
230
370
843
26
322
760
394
389
441
216
33
521
262
222
60
694
778
598
774
130
56
812
415
6
15
777
385
600
202
333
28
396
810
230
328
594
94
325
437
278
903
386
673
306
17
61
20
267
378
473
501
700
766
244
367
318
991
574
74
967
837
580
866
187
12
39
842
268
732
950
690
618
775
419
120
804
493
861
468
360
34
857
339
611
363
871
249
480
254
296
362
365
7
740
463
799
230
629
626
119
75
631
905
48
929
873
385
527
212
192
46
496
391
915
383
930
61
43
863
952
816
971
960
939
272
975
399
803
944
724
337
877
711
472
471
472
576
626
404
553
520
513
276
653
257
560
241
653
456
656
979
355
396
869
147
939
958
16
984
425
835
267
50
824
712
468
399
451
691
447
465
51
402
850
429
81
980
88
400
475
646
474
908
101
822
525
510
143
226
54
728
380
349
55
39
234
132
589
732
592
830
848
697
669
955
317
928
308
432
637
978
775
316
377
774
56
967
96
52
966
941
663
514
55
118
604
733
619
919
879
660
435
878
20
191
42
104
576
530
432
326
659
938
991
126
638
989
594
978
513
620
872
35
120
432
758
302
900
369
497
927
188
173
799
360
408
793
426
786
224
797
217
965
589
689
280
608
29
815
373
271
699
140
506
788
774
533
370
86
438
255
472
967
144
449
788
764
239
757
769
695
209
962
585
927
445
936
849
348
963
832
867
929
185
615
505
46
209
507
430
131
247
23
69
531
977
515
627
581
932
872
691
260
292
476
697
905
482
809
465
464
815
253
73
543
823
603
723
207
651
653
650
474
2
916
59
333
584
461
884
501
330
599
572
993
383
121
161
368
422
991
511
813
650
571
445
507
418
274
461
178
304
963
259
213
549
219
615
634
748
718
836
156
387
639
578
832
167
394
339
935
426
940
383
385
468
662
633
504
647
917
558
837
446
40
980
359
948
178
192
427
882
280
363
700
412
313
131
608
696
460
323
195
875
106
577
122
527
363
125
331
179
862
337
714
257
458
943
717
593
987
777
457
450
759
304
392
8
401
233
20
29
905
798
847
735
702
808
228
161
838
563
435
862
29
950
990
159
365
384
192
85
640
382
316
252
631
476
403
179
821
186
59
31
834
550
903
250
169
49
184
741
896
956
627
28
498
329
100
584
297
952
76
543
438
527
657
336
117
975
880
979
882
881
221
634
357
410
723
684
457
103
569
400
243
970
129
151
116
38
792
717
679
437
497
839
73
613
504
929
98
108
587
324
888
18
159
242
583
5
166
108
163
239
204
725
549
543
671
237
546
784
842
820
404
515
5
423
660
206
67
880
19
62
631
69
957
442
468
281
866
22
321
633
843
582
73
777
179
971
760
888
874
252
464
543
694
153
520
24
496
125
158
800
197
229
465
470
74
667
209
788
531
441
593
417
906
338
20
491
648
673
65
503
879
768
416
94
502
274
147
214
180
452
202
727
844
38
896
300
137
188
87
259
134
331
212
717
966
920
639
528
441
823
148
942
816
195
316
384
946
506
510
472
819
933
407
584
415
595
147
739
115
200
671
128
621
817
720
736
749
648
234
543
583
327
401
513
98
167
307
696
195
605
694
892
547
816
395
51
69
740
755
498
707
810
31
439
325
704
322
704
651
880
214
887
524
329
956
734
894
663
445
294
156
939
635
683
550
244
394
510
115
91
853
907
865
244
689
128
71
6
542
153
30
521
656
969
510
491
719
112
374
451
528
618
301
125
227
718
489
637
173
60
733
853
222
474
627
844
894
959
471
308
303
529
973
128
643
839
420
141
960
767
534
637
359
710
56
79
650
913
220
507
709
504
402
593
800
14
65
67
684
736
259
173
925
246
951
271
579
103
99
283
619
424
413
97
425
960
284
870
339
423
464
482
264
58
246
285
706
225
742
890
153
579
435
781
295
961
491
840
492
407
414
59
939
144
266
556
735
165
116
637
844
779
516
915
554
633
953
2
67
572
266
989
467
786
726
209
995
348
160
749
358
190
209
730
605
687
900
977
329
809
668
79
588
454
551
684
138
542
712
787
814
727
860
590
510
591
246
460
645
618
768
551
877
242
40
182
454
477
413
393
710
122
807
877
271
471
694
120
714
752
366
891
596
748
133
21
783
155
726
971
673
947
940
39
882
881
784
416
308
570
766
492
966
829
752
966
704
708
217
183
101
303
195
783
912
452
900
419
573
166
216
653
223
235
25
169
101
85
887
467
203
729
629
320
555
365
202
362
190
424
147
283
194
945
198
847
996
83
220
228
592
604
796
522
713
494
159
405
322
785
589
849
717
101
967
206
378
45
922
419
36
326
362
539
600
260
238
878
240
366
203
997
863
128
380
812
979
105
10
475
674
611
87
245
444
240
213
730
135
218
970
233
11
294
434
296
795
378
424
286
224
560
275
244
87
400
302
542
719
674
85
956
461
695
315
283
667
322
245
256
836
608
484
469
457
317
839
563
772
296
716
929
690
788
702
58
176
774
90
502
65
702
942
397
711
14
439
799
288
709
361
31
415
629
472
337
937
661
960
107
54
308
150
212
344
574
683
125
393
25
71
184
602
740
93
23
274
945
206
753
853
452
752
101
148
554
803
345
536
468
337
696
403
816
717
724
572
240
466
432
270
827
530
53
353
651
784
635
459
764
334
265
954
616
316
812
13
594
188
242
741
264
96
59
788
828
948
729
729
283
258
903
895
883
713
900
238
229
861
826
595
486
348
234
852
17
332
82
123
711
705
162
316
103
871
276
705
714
286
411
709
211
719
421
333
610
810
620
50
444
231
487
801
759
700
421
273
739
404
48
678
628
563
759
603
400
583
18
517
979
329
139
405
958
521
198
952
227
462
86
582
912
667
399
592
467
648
203
726
137
921
651
522
532
794
775
464
157
305
129
859
542
441
258
728
952
836
975
546
74
38
790
527
624
817
700
947
353
415
227
123
273
842
545
147
329
742
836
243
668
133
479
231
338
507
636
378
363
878
443
378
739
780
719
240
735
235
428
392
839
347
361
416
745
320
45
433
999
736
604
808
11
444
900
804
130
740
216
408
945
554
758
863
806
691
902
460
671
541
739
853
143
121
918
12
870
556
97
444
528
459
498
105
90
676
838
621
822
15
374
492
26
314
204
750
706
122
908
244
6
953
819
45
803
613
896
272
705
626
972
54
743
300
767
554
874
482
379
613
576
696
521
493
71
357
144
633
819
932
52
767
466
934
115
299
918
837
196
316
261
884
791
337
958
730
545
440
806
573
674
664
768
238
142
59
896
33
708
690
595
843
972
948
175
424
199
911
914
971
158
221
763
825
709
975
79
563
113
744
347
618
602
322
609
292
582
96
257
999
661
833
933
40
223
988
201
34
227
54
273
631
771
216
342
117
612
208
56
706
565
295
64
297
11
485
882
343
986
568
162
897
635
145
411
378
160
384
856
249
72
996
508
660
132
505
363
472
986
1
706
395
713
727
130
899
796
899
3
960
551
80
392
916
115
221
665
163
317
370
20
491
142
472
564
698
571
425
824
551
482
42
600
914
837
256
424
692
633
988
125
903
783
558
330
117
893
949
667
793
726
118
236
671
968
315
864
510
443
175
612
167
25
362
981
259
447
547
714
651
495
58
334
792
248
759
819
878
459
73
894
175
931
992
609
834
967
187
197
113
608
856
621
939
496
471
554
88
926
392
441
786
880
880
538
441
452
746
932
876
821
559
54
851
62
767
452
482
2
166
601
489
13
401
491
417
609
43
903
548
218
557
645
358
810
46
994
467
4
511
92
330
430
280
877
522
612
730
535
150
386
541
851
234
66
186
236
200
419
903
60
143
596
981
663
134
719
527
232
647
544
833
589
799
992
68
1
40
340
210
254
566
688
541
890
446
780
241
868
708
385
377
392
800
708
197
730
966
554
508
695
977
658
445
341
626
37
308
586
500
880
442
152
976
608
489
542
820
288
149
353
694
330
276
718
741
421
750
718
156
174
371
122
50
837
986
163
544
93
907
386
964
138
969
458
737
999
134
389
628
355
413
868
220
493
493
714
945
156
771
926
984
216
909
212
353
658
757
478
954
125
234
911
408
477
63
91
640
563
957
878
638
683
279
1
219
513
32
985
703
179
608
584
16
561
274
456
278
210
285
458
46
931
847
6
401
794
729
922
478
394
643
22
603
549
660
9
645
681
413
548
481
499
17
900
638
759
283
170
429
517
500
248
191
649
307
525
417
35
782
465
631
602
651
900
26
463
728
210
537
434
798
853
823
274
219
201
356
75
432
144
541
18
943
595
342
582
513
445
376
874
767
876
931
480
476
671
52
115
655
591
190
845
27
922
582
169
914
885
359
604
849
267
296
511
83
274
795
703
767
644
598
16
342
664
420
51
24
658
780
746
389
628
297
584
271
861
542
300
662
870
783
893
79
699
946
140
68
382
101
790
74
162
930
301
418
224
657
797
706
620
396
117
759
985
820
214
422
129
906
313
920
84
834
400
967
764
279
547
826
815
187
63
5
136
718
618
737
572
651
670
674
592
211
378
816
805
441
272
43
812
781
710
316
367
748
891
497
199
829
151
263
688
719
614
802
805
587
463
758
122
90
40
366
638
187
238
44
759
53
840
739
246
395
594
585
843
545
913
940
219
185
423
575
464
843
528
884
213
373
43
701
303
340
848
415
854
198
405
559
351
452
976
81
976
545
443
278
684
450
657
314
76
319
934
922
583
371
514
217
984
960
116
861
572
976
421
873
217
293
376
532
413
738
835
671
470
486
609
589
931
742
184
856
94
160
709
966
860
749
345
489
108
924
952
621
489
402
773
784
608
757
274
889
800
308
660
188
240
569
945
615
864
660
777
413
988
81
622
543
876
768
356
805
65
805
429
446
248
47
400
561
757
189
915
523
292
888
244
977
418
362
381
765
155
899
328
303
822
901
214
261
874
655
188
822
225
812
158
355
982
334
474
543
96
809
226
445
348
942
463
467
711
446
755
46
86
158
831
151
702
568
979
83
663
766
410
185
706
139
401
714
98
215
397
341
334
451
82
839
556
98
958
41
368
907
668
401
778
696
379
788
733
689
245
783
506
315
874
622
684
211
968
130
337
922
787
97
588
744
224
551
298
299
941
409
742
350
549
531
625
731
908
536
463
481
840
957
65
519
53
600
898
837
934
341
476
938
421
902
492
273
729
194
174
799
288
349
604
549
144
134
927
505
487
894
665
294
17
675
601
690
755
130
437
851
625
24
885
943
432
660
347
366
613
536
680
237
850
592
89
326
580
254
549
813
294
387
186
531
23
579
242
712
131
646
265
266
282
741
469
356
658
797
558
734
637
152
685
520
744
711
662
894
576
409
336
827
438
23
236
302
308
362
823
708
344
234
293
838
126
58
822
964
140
98
762
814
66
735
877
983
50
140
235
310
800
723
213
262
192
548
566
112
248
986
735
467
379
586
842
768
138
616
282
25
173
595
258
770
248
120
281
604
395
540
828
986
467
836
722
383
226
360
635
616
352
591
662
823
671
450
797
169
635
592
292
953
836
772
328
417
137
738
960
968
608
711
729
447
282
808
149
100
156
421
327
531
181
829
160
25
797
594
268
887
773
743
673
946
702
61
159
793
61
840
641
917
548
561
320
491
568
451
659
106
163
373
787
457
155
918
426
998
861
487
690
761
910
751
2
25
882
388
577
309
105
43
970
111
372
276
674
503
706
783
802
605
894
714
586
695
625
947
717
932
22
767
716
384
354
909
770
807
570
906
158
899
414
430
893
716
533
449
719
287
679
183
110
644
180
728
485
356
700
826
546
637
245
541
802
961
326
134
35
889
920
270
628
443
471
329
305
462
259
825
580
577
535
388
557
749
224
491
380
284
680
273
545
213
738
458
857
835
735
690
630
913
556
660
129
117
482
57
877
850
490
641
337
557
408
843
719
788
913
728
980
607
890
702
299
968
454
259
717
45
76
494
584
272
146
309
981
736
873
875
587
3
887
243
367
531
630
480
960
697
323
814
383
271
518
15
721
599
91
883
855
813
278
346
598
913
22
996
853
131
803
110
474
863
35
320
952
191
236
992
676
693
537
537
604
160
330
511
699
581
519
748
865
782
134
385
681
656
561
391
776
149
456
206
752
433
905
744
602
822
838
296
60
691
975
123
324
322
95
973
522
44
23
656
709
397
946
519
886
281
427
548
506
987
669
609
368
733
984
20
4
602
533
628
267
784
993
812
508
729
133
830
46
9
195
113
667
227
387
115
532
101
496
26
133
338
987
477
633
428
403
354
329
462
608
191
447
429
733
154
200
326
894
702
81
662
461
922
997
743
754
79
863
776
719
546
348
697
291
400
661
439
118
431
135
628
219
489
868
239
823
649
876
332
897
609
247
816
580
111
241
292
722
278
503
439
211
183
884
448
961
802
874
330
998
725
227
566
89
672
941
226
274
106
676
142
647
954
189
752
244
201
688
1000
339
917
356
773
548
917
212
470
987
792
318
409
879
600
641
287
250
957
826
465
372
325
113
890
591
312
792
169
721
261
446
509
302
255
533
201
714
533
230
444
411
112
266
788
385
684
932
392
812
693
815
191
397
24
42
188
988
442
339
381
708
355
236
455
166
504
44
643
655
515
828
459
618
185
852
425
577
269
712
603
139
437
823
23
372
523
754
969
706
974
810
151
748
379
277
136
320
10
364
293
692
221
701
743
762
212
156
208
155
822
925
879
255
924
385
824
116
367
497
18
841
444
188
680
994
475
995
497
83
851
354
597
451
913
377
364
918
896
939
146
242
667
98
583
114
771
131
209
757
388
64
576
896
304
665
56
185
370
553
193
151
316
269
716
241
405
989
66
971
898
217
232
33
6
280
354
198
596
122
499
328
376
524
118
759
456
774
950
707
445
949
702
57
206
993
366
479
244
24
894
635
937
806
145
695
948
866
318
981
306
360
375
245
708
498
394
203
646
964
212
669
312
754
108
568
312
252
7
503
348
718
549
405
888
174
204
871
117
931
623
370
515
902
196
595
1
314
320
713
6
366
272
267
905
534
4
677
155
343
446
520
691
355
988
847
431
905
218
551
652
939
867
577
813
286
79
105
20
598
204
831
188
124
525
581
101
716
884
62
995
655
673
491
715
703
966
888
453
523
953
976
406
624
687
448
492
826
225
336
772
139
899
798
291
154
418
609
979
361
947
304
506
321
914
880
493
990
613
335
299
176
999
625
76
443
729
956
161
112
782
332
346
279
623
347
992
617
228
176
738
925
468
324
45
626
223
154
234
978
941
729
691
417
798
898
739
843
423
294
331
622
331
57
442
85
757
104
542
895
638
523
972
643
122
615
578
586
791
532
969
62
533
994
825
725
889
35
754
2
471
707
336
407
369
428
586
656
123
694
193
567
96
887
139
395
867
947
951
504
671
531
634
132
851
646
385
940
870
882
447
680
268
764
415
50
119
51
113
89
852
545
503
25
689
770
699
26
440
416
517
306
229
898
456
959
860
558
683
573
891
749
810
940
699
226
426
749
395
714
948
901
285
578
824
898
373
387
813
896
288
21
837
174
291
851
667
373
479
393
108
629
550
286
719
820
231
564
621
111
280
917
806
532
876
635
135
687
768
817
749
676
206
116
411
104
410
500
853
542
632
17
518
952
739
958
960
825
232
356
317
728
392
827
649
84
779
838
985
207
804
77
568
865
978
453
545
739
861
471
677
255
883
918
164
427
263
672
896
283
694
467
796
92
954
114
631
954
773
20
483
478
890
949
861
340
587
158
672
979
514
44
470
778
559
49
637
117
580
244
794
825
92
943
646
277
229
138
298
362
925
665
322
753
63
541
217
316
736
577
731
364
194
285
988
24
344
61
580
150
291
332
338
820
493
650
711
997
556
329
76
36
957
238
960
745
320
142
559
877
39
566
800
343
497
919
595
640
631
748
569
582
279
296
56
620
449
692
790
476
388
512
445
345
591
27
138
540
662
930
53
632
998
328
676
563
476
216
304
15
687
883
704
797
689
492
678
261
792
871
283
598
475
263
175
796
246
278
17
310
758
777
671
427
381
765
402
149
114
712
867
28
483
592
350
969
481
467
535
884
272
49
663
766
536
297
706
513
57
569
234
432
139
840
483
906
847
707
739
391
231
249
439
794
755
611
817
904
334
905
181
305
267
899
467
123
936
939
814
560
735
867
994
440
633
61
123
117
126
295
414
386
773
266
973
511
498
435
952
720
290
991
735
673
641
143
467
594
587
161
95
872
7
212
536
927
448
384
936
761
937
223
919
488
168
734
494
744
836
84
846
53
558
129
206
763
705
536
331
116
887
192
374
817
507
551
480
111
484
92
477
723
278
266
770
627
180
538
677
786
416
580
868
311
421
322
388
39
115
465
697
16
951
695
655
202
399
956
931
458
761
951
975
373
476
532
435
593
355
419
370
535
246
812
384
459
769
626
431
883
334
354
249
355
57
68
640
198
975
10
468
247
221
86
807
401
230
561
102
188
207
648
624
516
835
352
540
256
723
203
815
840
107
602
781
386
697
337
578
429
865
115
132
908
930
897
688
787
232
802
123
383
459
752
804
503
874
299
311
92
208
869
481
184
236
931
724
304
558
302
779
649
910
111
404
919
350
173
773
43
457
796
484
4
658
228
390
876
109
418
778
315
669
965
742
976
345
679
429
969
481
324
977
398
558
720
282
231
583
330
730
669
817
665
488
157
751
452
844
373
691
393
56
748
779
41
733
283
941
431
444
519
210
917
169
441
24
21
920
734
977
553
623
755
96
153
634
634
337
648
222
849
380
328
637
964
572
787
3
380
765
829
183
578
229
431
115
238
275
22
398
299
807
6
786
980
287
923
433
131
823
11
12
207
101
513
91
921
540
37
57
21
33
274
856
579
31
820
954
418
922
377
993
666
505
477
167
660
553
246
743
987
310
905
64
762
362
494
72
432
614
365
460
478
18
180
242
998
336
831
499
418
188
343
206
946
463
749
941
453
2
566
884
588
820
28
800
705
478
663
532
791
599
587
666
397
977
968
243
862
529
310
995
111
425
569
269
467
330
828
422
621
164
843
220
324
32
127
583
124
727
663
233
381
792
933
213
281
756
553
484
357
685
596
586
174
899
738
717
508
1
94
359
577
365
346
798
11
446
351
291
334
700
317
928
845
618
179
185
988
930
968
671
286
530
544
123
398
415
653
720
944
392
918
587
398
518
266
662
721
40
644
944
509
67
165
845
591
293
519
70
962
488
832
400
450
815
722
686
166
5
948
150
696
952
955
576
66
931
156
623
247
446
965
142
234
285
190
544
193
674
626
548
332
835
871
722
754
69
188
711
818
949
54
595
967
858
982
566
135
831
815
743
662
422
873
51
376
845
157
319
485
957
846
841
534
629
686
462
289
243
189
394
425
158
420
465
692
642
343
890
417
104
532
542
479
639
733
54
304
456
810
357
652
388
796
398
757
474
802
338
393
456
732
44
365
520
516
893
389
795
686
485
583
363
296
125
482
926
731
995
291
37
461
603
452
982
588
12
983
370
501
673
525
126
967
5
462
123
585
777
497
979
101
960
827
470
403
832
384
552
735
677
606
185
754
667
810
759
469
906
548
383
174
460
804
450
436
390
786
898
415
885
760
240
49
131
222
941
674
379
698
899
385
385
951
380
770
666
213
814
493
771
625
793
936
962
848
982
669
284
168
753
77
453
128
386
398
686
982
8
735
840
513
530
42
125
752
708
199
670
991
941
914
779
794
777
340
513
349
437
311
116
947
792
423
885
763
795
820
272
239
445
843
648
79
490
932
372
213
337
543
191
274
376
544
2
445
149
879
910
343
674
914
928
534
671
239
983
398
38
74
881
802
129
591
876
149
398
504
580
941
651
755
158
741
278
521
521
707
952
393
61
949
407
504
833
173
353
888
356
682
826
898
250
436
502
295
413
286
52
58
135
168
8
42
387
535
354
899
76
734
173
129
622
663
1000
475
272
634
598
387
488
775
250
205
758
824
593
58
444
500
860
295
184
933
495
423
661
785
442
964
20
529
327
813
648
17
761
606
416
205
735
911
109
258
588
977
995
676
927
185
840
316
258
304
628
942
227
711
60
350
182
285
993
889
215
460
381
482
560
561
13
315
385
930
498
446
717
863
733
607
111
63
394
7
881
88
930
989
389
627
804
116
157
158
339
974
851
427
40
28
204
618
471
101
414
451
24
616
509
95
880
966
145
176
417
533
419
481
382
812
30
483
961
351
38
639
201
33
587
604
429
720
549
625
931
481
212
141
511
372
733
940
453
458
800
255
258
181
908
340
302
163
382
828
65
204
275
466
646
895
526
972
586
330
811
265
472
175
274
843
312
539
804
46
851
795
41
617
317
877
65
725
383
845
33
598
662
145
191
956
949
968
731
755
447
964
999
344
761
686
852
33
451
837
516
228
698
297
596
889
128
370
837
969
702
311
885
21
298
323
962
942
141
779
380
924
698
21
308
342
229
600
462
700
724
312
696
518
511
968
856
653
514
977
132
218
802
92
777
8
235
712
656
59
158
952
383
120
310
696
460
415
510
71
169
438
550
764
915
303
410
934
351
378
25
793
770
761
489
931
440
249
902
210
6
785
17
57
717
644
387
394
596
923
229
954
185
948
399
41
885
258
114
423
297
424
116
947
373
185
106
134
539
169
3
299
213
673
1000
741
616
610
155
232
722
316
546
95
461
929
917
924
749
761
375
921
170
607
760
979
700
33
207
661
570
316
621
184
485
268
872
731
275
975
9
843
343
744
177
89
758
191
240
588
743
109
265
93
967
275
802
310
285
348
970
56
357
249
922
75
436
450
98
7
590
161
193
622
620
373
852
545
61
166
682
721
482
190
876
427
564
692
632
626
219
459
11
633
961
494
183
50
488
944
690
958
376
390
22
132
283
817
912
889
991
225
335
715
981
72
630
198
650
708
808
618
671
305
542
842
988
215
79
906
727
813
493
314
94
805
280
514
712
995
610
982
484
309
743
850
944
767
962
839
948
711
662
672
824
897
747
328
408
269
250
57
815
698
74
512
580
498
675
259
910
103
436
839
642
22
770
164
71
638
606
751
213
65
858
154
338
920
813
25
743
973
333
109
153
855
551
278
322
860
979
991
944
551
769
548
411
278
6
78
445
444
141
78
82
349
908
497
951
332
716
81
201
43
231
626
253
776
136
539
901
390
54
870
103
372
924
76
41
289
618
874
545
333
739
342
549
468
121
172
778
320
673
418
65
584
653
459
85
993
177
964
791
807
916
833
731
661
634
993
414
966
68
564
264
41
752
907
242
75
342
279
337
684
286
777
770
449
305
64
37
699
583
102
817
593
462
321
843
225
996
216
540
910
410
746
286
565
648
892
710
450
500
148
302
15
412
684
394
759
922
325
304
83
499
681
551
849
876
401
999
574
769
48
578
471
532
489
986
218
197
343
97
688
648
953
743
304
608
30
735
403
247
867
775
918
264
869
639
494
854
540
269
799
704
456
146
661
28
14
231
764
996
408
64
84
992
175
261
956
168
255
809
457
866
716
691
453
78
593
580
947
920
98
608
71
594
959
330
652
439
188
124
913
150
411
518
963
789
186
696
900
478
118
982
559
58
630
85
378
880
393
804
514
371
206
668
43
624
589
900
977
334
40
322
541
808
691
928
4
585
248
624
200
172
68
494
579
268
596
932
381
924
578
175
273
689
68
523
776
695
645
173
263
514
272
501
39
690
498
195
166
559
154
386
384
530
983
89
959
844
193
960
375
265
414
28
193
131
396
599
261
450
843
665
760
396
167
390
48
854
901
606
437
1000
437
136
433
650
628
66
774
471
326
803
246
737
879
342
679
182
35
91
881
105
232
693
865
753
398
277
398
603
574
368
57
540
975
649
135
311
686
735
322
456
849
404
741
286
708
695
905
70
808
850
958
442
511
988
652
157
429
76
444
202
674
649
944
228
946
533
649
435
536
124
599
89
358
993
330
955
991
96
564
117
642
692
302
462
167
225
120
51
541
186
522
526
805
485
192
280
127
360
173
159
259
527
861
805
114
734
44
357
634
608
704
506
68
83
478
24
960
74
191
427
929
259
944
251
394
723
671
401
283
993
693
921
40
477
651
112
522
608
664
57
940
555
440
626
939
48
813
626
448
538
849
159
755
158
547
66
626
300
893
530
759
588
556
217
792
349
490
298
788
543
983
727
638
108
85
560
795
976
791
578
687
163
837
852
439
95
553
66
849
393
818
693
837
728
971
825
772
831
168
772
64
310
593
459
527
408
678
510
662
827
322
701
844
443
405
82
104
696
670
967
934
854
677
386
35
912
635
181
676
875
975
835
958
76
421
914
587
524
11
79
105
207
346
424
406
75
984
355
102
302
419
173
571
815
832
583
569
884
939
692
620
692
669
883
698
78
104
327
181
754
34
49
723
332
799
662
82
551
553
638
73
166
652
952
217
541
503
248
174
266
738
663
933
541
420
172
706
747
526
267
487
173
799
801
960
271
901
821
193
986
205
950
961
420
834
225
722
98
684
922
487
245
606
859
429
528
850
208
24
209
622
649
318
441
667
982
395
182
384
784
460
989
812
472
243
549
98
285
32
510
212
538
529
384
754
799
64
650
723
153
363
401
824
60
710
981
562
299
218
725
765
540
683
452
175
397
642
710
113
32
870
542
197
386
123
349
872
470
408
332
338
853
880
588
404
870
331
202
404
144
460
177
557
489
205
951
438
692
849
599
863
813
103
945
320
412
786
935
55
636
619
94
641
716
115
334
159
463
546
7
844
988
320
369
229
218
870
926
572
401
617
181
720
591
176
770
12
281
468
835
836
455
618
671
964
240
916
575
255
414
426
249
250
524
408
254
124
238
4
75
184
574
678
796
10
718
883
898
646
271
994
240
166
629
310
34
132
894
742
950
913
615
227
8
194
400
592
303
485
45
781
626
402
24
539
260
749
920
381
850
534
941
919
961
265
516
986
461
963
823
917
155
595
14
168
45
853
952
617
18
893
866
718
67
68
671
317
838
935
150
100
167
55
575
426
93
996
181
839
225
270
451
389
629
289
216
190
276
112
101
688
315
941
41
885
710
286
245
269
541
945
514
334
539
2
75
996
142
913
306
382
302
70
817
870
647
711
419
594
189
449
767
559
830
536
81
604
447
712
972
132
509
726
958
854
495
260
767
314
383
638
764
648
78
495
68
602
865
180
89
10
1000
505
403
722
546
11
577
116
530
832
25
790
349
607
895
385
136
343
587
101
654
826
945
960
698
788
100
283
909
453
632
923
533
170
469
366
797
797
344
638
791
38
894
576
586
987
801
90
660
756
995
760
907
63
666
310
832
433
400
156
239
839
805
328
122
811
564
326
958
213
845
834
436
189
864
633
396
24
667
480
273
73
270
59
53
308
817
441
40
142
480
981
726
695
347
175
238
146
535
354
30
679
124
723
623
814
540
972
929
416
522
850
253
199
269
46
52
448
654
748
924
396
599
196
53
723
502
291
105
901
257
323
243
669
863
510
350
882
408
990
548
957
31
216
71
978
323
213
522
613
827
389
37
89
845
597
962
342
556
339
699
463
730
260
558
402
663
661
783
773
826
39
738
164
603
876
675
763
848
698
443
71
31
583
327
427
297
214
441
438
804
947
235
513
820
539
382
975
233
237
168
683
171
285
559
941
837
814
226
179
795
196
599
808
450
600
991
253
588
75
471
434
917
255
229
114
662
262
706
601
765
219
285
526
998
832
776
310
491
550
582
28
436
884
30
48
327
920
616
646
548
163
210
787
407
563
304
872
713
222
495
360
534
142
524
229
567
192
187
225
663
553
656
516
413
215
314
551
132
198
150
917
507
504
621
449
440
198
929
878
628
222
218
704
234
295
189
362
847
423
363
348
391
21
719
383
415
542
521
961
90
120
426
872
657
590
659
611
355
557
309
976
483
671
58
319
527
555
107
476
513
500
337
987
542
275
405
855
17
832
331
5
724
20
347
511
140
212
241
69
25
525
796
257
341
448
907
395
515
410
776
239
301
7
41
690
540
52
819
721
129
693
39
520
127
333
372
927
462
463
556
812
902
647
979
260
913
112
609
2
71
237
219
418
911
484
436
611
111
390
817
785
634
488
505
994
685
784
317
264
564
112
703
492
303
31
966
943
643
914
267
411
819
108
467
181
175
868
130
865
443
349
496
206
771
596
666
685
285
827
390
995
398
89
208
256
746
628
80
468
99
586
202
702
450
994
165
224
747
763
963
886
911
182
114
402
109
14
661
638
346
827
211
178
380
3
243
852
815
881
777
332
978
592
619
70
55
538
339
809
431
430
926
664
213
506
135
284
805
342
740
699
470
262
460
477
817
645
377
516
310
186
139
700
166
339
743
749
743
226
999
104
850
496
317
506
378
49
633
624
263
718
145
647
881
858
285
759
333
359
839
37
292
689
809
257
689
865
293
955
882
532
386
194
961
83
646
470
610
872
957
523
676
530
277
625
196
855
17
170
407
406
908
450
372
58
351
993
414
765
325
417
808
920
117
754
347
49
835
45
293
217
484
361
854
423
576
822
346
192
141
380
870
351
384
703
416
415
259
88
676
44
771
513
218
381
700
641
977
19
587
16
595
543
705
779
930
284
573
353
267
555
797
28
452
875
642
871
646
763
624
823
987
342
70
732
223
401
617
98
546
187
756
340
880
363
477
193
558
716
673
381
573
221
664
296
692
77
887
856
124
701
159
526
792
95
213
776
590
186
126
379
346
115
941
261
765
367
352
454
939
35
430
360
371
931
487
672
921
602
121
194
999
336
733
615
475
697
331
756
218
778
252
873
310
904
355
172
834
611
180
91
969
678
366
591
892
378
853
250
353
6
539
832
978
620
829
227
614
608
973
141
941
570
529
408
454
502
26
787
574
629
241
642
599
266
26
356
295
614
366
253
150
35
198
70
19
243
550
801
602
586
501
810
858
972
566
506
221
782
710
547
6
543
935
921
914
120
769
172
986
246
870
515
939
415
610
596
926
467
504
379
718
888
107
143
825
353
606
205
622
84
338
121
444
542
905
749
421
562
214
852
649
205
402
832
373
112
464
73
615
620
540
742
319
824
333
549
576
629
989
446
600
231
526
73
594
633
773
808
324
8
48
201
223
961
783
932
132
849
950
123
956
717
400
966
341
664
486
378
726
520
722
42
325
486
897
437
995
350
802
963
497
672
457
356
779
195
63
559
185
184
372
480
518
859
788
685
533
770
347
33
221
192
882
300
763
58
534
66
383
87
819
738
649
587
723
571
925
16
967
713
935
703
68
355
42
434
886
748
813
894
544
255
269
920
455
52
487
220
636
836
648
33
624
468
161
153
185
575
660
150
321
593
535
904
423
985
674
203
798
954
623
641
683
184
536
697
172
850
326
73
310
947
280
825
383
351
693
921
488
315
410
920
252
384
791
399
525
136
257
303
378
893
287
765
363
312
229
530
54
625
770
518
100
424
933
292
906
607
62
669
698
428
55
399
903
719
245
387
359
70
985
701
249
696
353
213
597
202
469
516
701
501
634
726
871
724
917
181
19
518
922
259
114
635
507
294
743
592
754
127
769
484
735
358
401
274
170
150
772
23
199
266
114
213
349
925
442
200
57
281
744
448
540
879
786
47
467
886
208
105
782
278
179
946
376
750
409
201
267
585
630
676
459
290
869
617
250
226
20
707
35
718
404
165
517
902
300
124
200
522
422
566
470
306
968
257
806
956
850
180
135
831
698
682
855
4
21
838
145
132
775
961
240
595
917
890
645
282
764
136
798
665
132
438
261
103
318
757
17
670
889
46
293
217
237
817
551
252
45
770
880
229
911
3
723
433
624
830
782
579
362
336
650
812
3
810
775
90
667
730
9
929
889
828
362
338
73
649
228
768
138
32
409
485
954
488
58
917
714
359
745
946
653
313
652
548
663
338
942
713
695
541
709
530
353
71
293
253
901
874
793
861
241
198
711
402
759
809
479
764
653
305
28
323
955
944
570
288
204
306
250
679
55
136
589
464
764
727
974
225
496
174
849
58
65
353
124
69
763
341
622
240
2
867
923
939
433
704
946
841
695
824
745
725
553
653
214
567
62
267
130
437
179
429
128
441
281
717
651
154
609
935
244
715
955
715
892
324
631
592
910
201
277
921
460
848
267
275
44
301
93
792
573
896
880
494
733
634
622
670
820
467
811
567
321
93
102
212
65
878
515
141
648
451
851
821
974
562
139
619
682
131
515
273
818
669
49
64
916
758
523
191
286
60
473
811
968
866
797
797
235
971
140
945
638
934
514
288
892
28
59
44
525
61
409
251
309
161
228
187
740
763
736
819
960
534
605
54
268
63
78
53
734
971
153
128
651
963
75
168
723
506
21
492
175
123
797
572
478
670
450
322
835
846
98
906
239
86
166
415
181
353
437
472
268
658
807
979
217
132
136
194
927
375
69
851
253
162
454
772
548
112
835
344
657
605
438
425
271
968
851
185
276
358
67
287
8
178
767
232
626
106
230
744
821
436
599
397
811
413
99
83
622
694
336
701
361
352
115
296
777
250
616
450
354
853
464
753
251
589
978
26
664
613
703
573
817
978
860
982
947
401
332
391
404
65
335
20
846
212
147
632
833
289
390
342
689
600
775
781
622
886
378
214
117
212
975
782
943
438
156
413
893
692
37
119
233
503
19
64
218
542
508
3
152
822
986
700
801
436
641
596
42
596
616
294
132
400
104
568
165
688
204
335
830
927
296
907
4
537
623
977
447
634
363
178
662
165
992
392
872
55
352
516
981
356
874
508
139
434
185
399
799
925
249
360
561
8
621
159
399
23
541
194
642
902
377
972
763
160
176
521
541
731
422
647
867
270
164
465
650
909
41
5
268
360
817
973
867
885
765
146
238
693
868
830
151
181
935
77
848
992
494
295
828
490
407
61
518
122
539
292
222
687
940
600
882
156
670
196
390
461
580
74
660
549
512
674
195
198
262
391
984
365
863
558
150
937
21
492
294
460
497
518
46
118
550
369
546
854
325
959
642
155
995
772
980
748
454
642
367
854
77
124
598
267
30
499
621
741
560
1000
236
827
136
169
539
987
636
790
409
766
858
701
167
82
500
50
349
521
687
570
41
803
528
87
303
948
928
299
266
47
767
721
89
644
541
177
541
540
67
537
169
597
99
106
724
492
635
350
689
445
311
147
865
267
348
243
298
773
402
862
249
119
543
243
886
448
246
428
605
174
919
729
314
821
197
92
923
470
510
558
527
941
211
987
76
22
191
387
611
926
409
938
208
393
918
287
93
174
363
434
138
484
565
525
677
186
326
485
290
969
517
295
931
380
674
856
78
567
648
158
887
767
244
14
674
587
185
41
968
706
680
655
806
788
980
118
603
860
730
866
531
816
328
118
431
607
965
753
505
64
565
529
732
48
854
596
981
601
656
313
792
655
717
643
406
33
582
996
246
648
962
338
586
644
223
698
152
536
619
681
615
682
129
95
912
600
572
820
163
750
218
286
24
822
996
611
84
658
729
588
808
132
134
306
295
664
319
519
73
568
733
152
332
916
925
96
41
779
9
815
419
212
275
838
962
962
438
660
897
927
873
461
843
787
417
468
844
223
912
689
638
138
917
675
630
258
891
31
398
375
955
78
430
598
49
803
198
19
81
232
349
31
358
27
905
893
829
97
571
873
677
2
376
63
729
392
101
797
77
632
294
557
304
423
611
375
420
865
92
686
742
184
124
60
335
106
18
990
81
950
941
261
482
82
728
763
283
757
45
163
606
914
901
501
252
879
570
890
57
734
570
661
977
590
385
562
903
482
388
472
23
458
570
858
779
189
250
683
987
492
926
816
985
494
670
747
71
751
307
716
380
746
41
488
933
141
325
119
562
689
798
892
641
941
600
366
999
617
587
356
31
512
872
693
716
245
349
496
18
69
613
823
10
532
396
724
123
717
787
644
282
884
595
75
467
419
111
122
694
778
152
883
635
59
522
11
491
591
49
822
360
776
89
918
626
506
702
631
209
262
6
757
723
241
914
491
487
470
83
563
657
335
333
690
656
124
362
278
42
953
962
895
53
760
254
766
67
92
20
471
732
173
7
869
204
350
895
348
811
198
783
11
278
752
670
276
509
902
74
815
790
180
196
659
765
183
654
376
791
114
392
12
650
893
423
342
759
57
369
546
111
404
771
825
603
201
559
144
902
896
530
993
167
904
124
602
394
73
610
636
519
943
602
892
875
243
869
495
264
842
381
618
631
126
837
803
571
432
292
687
228
504
599
954
366
155
671
871
864
571
639
923
548
623
198
951
571
466
445
385
337
189
169
211
201
244
973
3
601
509
566
398
224
660
251
654
160
788
238
949
96
658
934
382
764
678
717
597
263
527
149
842
49
296
404
126
915
883
107
524
903
412
621
583
232
354
611
417
467
33
499
495
401
148
857
731
963
153
598
805
303
977
387
797
984
750
481
827
325
273
293
699
693
138
226
38
103
995
193
664
155
483
501
798
566
171
579
291
906
525
558
296
289
879
398
84
630
124
911
528
750
23
785
960
247
939
19
271
180
135
489
413
674
472
798
164
689
473
502
359
901
625
646
480
364
356
1
977
95
409
47
148
520
324
931
11
312
814
952
732
99
536
898
667
362
708
817
975
74
856
477
113
967
358
215
63
11
221
192
934
321
886
181
403
736
791
372
887
544
459
326
802
891
979
111
819
934
731
981
31
458
264
964
644
761
968
143
600
729
217
300
910
589
87
504
853
604
785
954
326
852
632
521
419
302
392
83
345
132
342
206
21
851
970
996
651
155
935
59
428
370
72
872
181
324
776
894
486
468
960
704
479
235
330
551
187
19
776
416
896
593
499
637
603
107
710
834
60
84
250
891
83
240
628
157
596
270
426
635
829
562
765
521
961
203
264
341
145
359
78
526
106
62
478
981
738
57
909
223
942
934
561
93
357
182
775
965
794
109
265
419
138
5
357
521
999
954
703
911
841
431
324
960
418
146
350
608
231
132
479
294
653
379
427
330
367
780
890
386
403
677
498
863
241
56
380
569
264
155
666
416
264
789
360
13
421
580
667
179
800
389
478
413
233
873
44
446
140
766
316
980
900
698
179
27
819
198
633
962
599
891
759
941
298
822
129
338
870
148
932
688
83
863
659
616
63
795
774
929
431
69
542
416
265
920
885
964
693
580
321
452
470
831
842
560
601
345
608
627
450
71
479
683
683
667
553
822
940
234
451
830
737
966
141
547
953
435
985
168
563
696
686
728
176
885
997
704
621
585
211
787
38
173
159
664
833
933
201
345
72
528
440
526
193
470
614
986
563
215
773
638
322
942
305
826
546
426
601
974
424
977
769
875
108
67
580
252
821
675
385
10
779
604
146
382
304
694
648
179
597
212
83
591
431
543
70
943
638
292
988
94
98
497
246
51
481
543
499
319
849
332
22
528
988
186
701
741
437
826
362
722
639
70
239
374
629
769
868
489
982
412
335
276
690
46
169
378
542
334
277
823
656
164
682
856
406
113
68
159
448
356
955
625
785
848
512
705
914
107
927
207
598
824
230
346
399
689
558
875
355
578
157
190
855
726
193
797
593
873
913
351
641
504
856
869
554
817
820
922
707
449
979
165
508
643
216
741
377
255
633
901
724
12
433
810
260
415
824
165
342
881
71
87
30
277
996
438
460
809
618
536
12
457
876
381
407
819
621
324
573
853
652
103
65
201
23
426
171
211
435
460
118
300
155
574
124
250
233
417
447
455
818
974
707
459
707
276
215
365
468
910
32
115
214
192
28
165
55
181
680
618
824
222
972
734
851
48
586
200
573
257
609
9
845
526
407
910
268
846
82
692
246
59
684
531
756
141
739
662
863
597
225
684
126
816
715
595
46
178
857
490
631
523
147
810
316
690
114
455
27
378
755
68
722
462
774
227
118
785
615
659
831
281
480
110
660
492
755
222
689
957
1
574
187
171
733
173
678
58
722
406
556
225
813
74
560
118
148
798
212
567
838
971
301
164
903
167
250
595
196
127
840
549
143
303
613
54
728
683
751
767
215
262
940
80
581
444
124
264
873
629
280
285
941
496
677
88
485
291
954
545
113
606
437
573
369
277
12
767
414
676
630
6
698
736
719
405
207
137
508
313
701
7
955
982
833
218
983
162
81
782
992
178
592
290
40
774
102
801
525
644
438
951
358
3
389
379
616
931
606
138
293
46
312
283
257
455
178
22
186
316
897
415
623
55
525
714
675
387
394
811
473
664
18
508
104
103
376
940
454
987
766
414
659
90
86
338
795
489
861
44
883
985
884
453
899
211
262
759
576
697
296
2
941
296
108
885
400
75
339
863
168
35
118
754
469
796
830
110
752
271
835
993
752
64
54
317
16
304
209
727
535
811
862
639
590
911
113
949
327
334
365
672
312
414
115
181
498
594
978
916
521
912
723
63
102
746
322
728
29
56
897
907
163
585
430
959
400
465
155
417
336
651
799
741
995
854
787
605
139
560
499
244
858
642
180
53
811
319
868
364
25
360
522
723
742
347
774
207
196
196
271
139
854
556
130
328
191
530
192
804
121
606
248
232
444
184
149
649
204
382
203
90
585
392
149
902
972
288
969
994
894
128
438
166
817
382
496
617
458
132
930
827
837
413
813
262
529
831
375
134
949
200
244
986
628
405
175
166
244
597
317
289
494
306
623
530
804
327
339
869
925
914
188
228
62
232
791
585
170
928
730
179
69
799
326
661
459
908
125
735
814
589
381
54
474
307
366
318
442
554
25
381
827
627
267
932
574
560
210
325
232
672
447
738
410
963
402
302
412
710
305
989
688
55
534
71
104
442
955
353
977
898
102
451
130
362
513
830
531
823
142
175
997
714
369
258
323
212
731
126
602
949
35
534
501
707
380
990
598
954
737
762
503
591
243
16
911
868
375
221
739
504
534
553
215
391
869
99
734
324
672
633
770
287
378
529
746
329
480
47
44
72
289
210
95
868
838
288
363
656
817
323
419
884
332
812
124
810
451
370
405
886
722
111
979
921
580
564
267
771
937
167
89
371
89
89
372
376
171
678
419
204
287
697
944
828
879
776
152
1
613
813
405
425
540
2
350
418
252
71
487
801
469
847
99
162
184
116
268
727
218
297
604
901
363
33
45
940
725
139
612
458
640
420
233
273
733
22
796
656
266
295
572
140
767
971
31
102
645
608
368
316
453
877
948
611
279
434
987
104
610
13
23
198
127
546
302
457
13
851
493
216
289
611
363
781
997
357
799
918
463
382
622
682
412
260
938
931
909
870
858
317
507
620
588
963
225
180
927
752
257
917
711
86
938
393
955
311
49
791
166
44
520
413
340
714
199
279
831
712
751
654
374
382
556
290
681
241
868
178
499
789
521
763
35
855
193
742
236
930
962
264
875
348
533
403
864
633
140
777
545
713
219
498
446
68
956
844
846
547
439
82
182
379
97
846
432
824
885
276
502
184
666
735
621
370
288
157
588
399
75
320
826
643
209
308
276
825
524
670
432
415
192
225
884
840
722
754
764
228
220
973
987
898
602
406
484
665
218
228
344
76
192
516
218
606
893
96
68
333
930
693
124
436
927
497
771
445
409
119
606
718
760
878
194
891
531
893
290
594
700
882
144
885
176
936
890
385
188
361
575
626
268
515
621
524
523
626
613
459
97
414
385
913
223
984
161
600
577
821
875
349
359
417
464
863
773
436
924
67
961
470
139
375
791
810
617
210
152
599
774
739
623
400
553
485
132
899
180
502
333
426
273
912
59
863
174
945
633
979
974
548
915
784
255
420
861
159
104
46
226
454
260
944
394
415
841
771
232
997
948
913
942
12
247
276
745
404
719
493
672
731
760
350
775
820
771
912
28
293
47
298
881
411
12
669
416
663
652
803
616
958
168
636
720
762
435
715
857
312
807
346
248
102
274
645
768
168
897
307
86
750
146
177
535
252
279
267
744
8
543
757
35
169
402
788
746
522
878
18
939
338
282
12
907
995
606
5
674
551
701
134
142
82
106
104
454
552
543
332
626
142
437
872
321
839
22
150
617
134
855
670
405
312
251
87
438
885
474
255
887
530
793
543
366
385
656
605
420
317
867
607
354
365
431
376
84
188
492
210
864
629
396
27
454
554
7
627
371
694
595
62
995
144
899
770
790
741
630
344
789
3
949
679
104
489
999
215
288
241
944
274
92
645
218
24
603
543
733
694
443
36
419
284
969
951
279
393
598
12
988
346
886
925
328
776
570
117
82
926
176
763
590
756
509
172
192
869
681
761
225
476
279
421
900
337
666
50
780
123
325
595
812
942
571
245
393
318
660
370
853
423
979
871
15
54
616
769
924
946
949
104
464
773
938
655
199
85
779
473
399
787
292
509
628
400
281
314
577
740
714
914
510
871
311
243
798
319
190
221
763
573
48
459
852
303
914
263
931
590
72
25
7
70
828
222
126
371
918
255
202
39
793
591
422
606
697
820
312
829
798
564
738
820
87
935
903
369
324
168
158
366
405
476
500
725
523
922
989
911
667
902
939
621
451
634
914
392
235
813
164
950
463
224
253
773
453
927
447
171
797
648
784
945
961
431
932
550
523
264
226
141
392
800
387
73
359
184
959
20
875
124
954
3
860
280
852
44
930
989
283
416
753
24
783
908
639
1000
30
501
920
541
82
87
194
782
33
181
167
181
739
302
984
718
318
953
886
150
886
75
879
845
730
868
958
692
327
862
404
340
701
786
728
240
718
619
73
998
698
831
589
641
737
162
809
273
273
478
516
176
749
9
866
165
167
489
151
37
344
787
459
964
796
136
272
165
180
638
196
755
210
470
428
855
940
693
452
861
47
380
268
881
847
58
92
405
46
278
270
31
874
512
532
588
392
498
716
544
325
553
496
36
44
639
571
603
961
447
911
623
726
383
709
113
306
419
103
624
247
726
91
543
22
113
772
974
714
100
363
593
104
840
128
51
176
456
13
764
201
124
640
787
327
279
375
8
448
430
215
989
885
578
970
438
494
121
895
356
395
994
43
6
866
509
530
16
682
211
240
601
636
829
682
290
500
917
696
104
828
72
346
625
36
382
621
491
516
368
432
312
506
704
546
476
854
521
571
835
423
303
748
402
678
947
81
97
58
392
488
569
986
575
960
83
998
33
597
601
672
951
162
820
613
811
528
681
496
426
631
567
765
541
835
817
773
30
35
28
340
738
641
979
130
998
31
527
399
822
234
69
705
854
705
772
406
125
94
533
911
76
225
681
240
815
251
323
698
829
925
225
932
590
665
38
725
372
901
611
40
803
120
796
731
952
599
463
643
210
85
10
220
303
235
858
582
623
662
419
379
105
91
989
547
559
537
792
998
562
469
417
65
232
148
630
128
291
199
155
573
800
607
627
465
424
50
454
13
520
766
661
267
909
770
736
858
647
31
792
180
419
892
647
921
602
404
77
589
200
561
874
951
612
863
678
661
933
575
919
590
525
693
714
263
379
245
433
880
834
294
347
946
211
184
257
750
141
133
9
787
794
822
568
344
136
527
51
349
654
663
932
657
888
499
744
852
45
374
589
970
281
661
609
976
870
692
846
475
196
992
159
420
668
402
932
991
319
339
428
883
368
466
537
634
964
597
524
153
275
250
242
583
463
823
578
616
471
338
13
946
964
83
185
217
97
617
139
419
626
174
183
528
822
622
928
128
499
163
405
56
506
702
725
263
64
678
806
267
787
957
51
460
859
960
784
78
991
574
274
283
148
734
636
534
646
72
69
123
920
748
746
579
232
422
871
732
826
136
462
33
482
206
680
922
881
431
212
588
314
527
606
401
794
701
750
846
547
774
593
857
192
853
526
686
217
412
405
712
235
864
931
645
879
492
841
771
85
813
250
987
641
299
744
891
260
339
703
214
35
472
420
608
842
774
70
974
726
956
315
730
244
248
175
820
601
20
855
729
341
179
858
188
917
867
651
524
483
476
672
549
775
807
82
540
329
373
27
148
525
305
255
860
756
993
519
274
321
729
985
565
20
741
683
211
722
496
405
1000
598
239
90
20
218
327
270
970
774
488
129
79
943
250
155
310
169
795
891
755
284
64
878
270
970
733
993
684
678
458
542
52
684
833
773
701
921
462
923
996
551
720
810
300
628
636
949
150
467
137
161
31
627
299
706
729
868
894
167
596
534
701
5
585
528
185
199
590
765
528
3
894
526
771
449
226
370
353
215
632
275
919
24
157
195
978
82
100
893
889
289
595
730
901
677
934
408
913
77
775
911
700
583
130
217
434
650
464
250
383
227
1000
601
585
173
30
84
456
275
198
561
651
422
329
715
953
346
948
869
628
599
315
171
936
352
433
362
368
65
780
851
125
482
384
733
45
722
305
269
744
146
982
231
133
13
111
19
524
510
801
451
517
563
879
454
714
51
775
490
379
38
107
506
17
927
997
198
927
100
294
447
857
97
243
990
858
592
612
800
522
48
359
717
60
619
31
949
553
21
410
180
842
902
204
774
845
905
820
764
364
400
841
197
354
210
515
713
529
427
465
958
328
276
79
200
41
510
460
794
889
180
911
590
435
116
475
279
688
513
730
141
982
331
874
502
44
452
120
12
589
216
513
865
24
302
458
679
695
729
903
680
639
143
571
508
66
378
65
288
153
19
43
694
270
746
650
228
44
633
469
547
390
119
492
918
750
749
164
142
938
23
356
34
497
176
647
769
439
581
679
30
419
557
466
194
33
733
835
593
762
602
492
728
649
101
713
971
721
512
951
927
449
184
968
122
775
802
260
238
11
381
326
732
680
485
321
334
928
427
412
692
949
413
8
348
873
339
229
706
691
645
204
396
929
25
104
607
96
665
78
393
89
901
251
574
694
203
983
324
41
635
124
287
996
163
799
76
708
690
167
110
10
108
923
225
751
139
784
200
745
945
933
726
622
969
752
407
455
67
70
951
297
244
587
317
421
293
772
722
75
254
500
199
693
803
969
519
323
271
92
356
309
904
603
363
870
556
912
869
563
20
285
884
519
111
808
21
79
352
254
102
459
65
456
673
534
820
382
449
82
184
482
366
463
30
903
324
326
727
266
612
533
416
441
420
90
39
130
339
567
588
638
447
14
196
75
378
605
113
98
166
985
305
970
66
719
498
158
210
560
305
349
948
23
253
577
359
858
536
40
273
116
778
821
1
756
448
866
627
476
388
899
485
294
81
495
100
840
990
873
206
606
548
291
675
66
852
349
761
739
604
232
624
102
113
571
91
39
883
728
299
488
178
812
366
759
761
765
280
313
434
847
986
963
87
792
297
960
256
167
20
839
215
492
810
187
294
878
10
589
22
782
505
382
344
626
482
412
738
483
602
97
287
670
20
937
165
996
307
686
752
916
808
237
984
943
907
854
334
503
700
105
727
574
875
443
625
951
697
472
225
402
863
504
195
143
907
310
880
82
111
317
634
708
649
184
615
775
436
696
196
721
883
533
751
129
466
885
624
741
140
460
814
39
258
857
144
4
405
155
858
638
569
674
414
747
723
320
991
423
202
344
119
2
1
290
661
302
659
237
97
392
658
533
752
568
54
647
619
808
40
226
49
131
421
873
769
537
774
824
185
568
13
362
827
776
177
903
880
166
803
293
620
538
147
818
654
299
79
76
762
295
360
706
226
740
110
142
687
720
243
863
218
69
209
751
522
925
621
525
745
332
516
596
238
265
385
432
605
402
13
97
570
826
281
115
450
524
128
880
505
109
235
46
878
139
70
723
754
539
63
428
147
462
165
372
540
769
687
822
854
790
853
648
596
46
752
397
808
691
363
451
653
137
737
928
266
79
384
285
447
699
789
302
439
344
607
481
358
578
417
89
521
364
159
923
135
835
470
10
403
993
341
907
443
42
795
300
755
374
511
480
695
646
173
580
777
495
532
625
879
172
799
173
501
27
881
621
316
680
661
656
678
394
399
802
909
378
268
939
629
613
402
478
757
377
771
177
504
712
191
996
363
554
200
502
307
186
460
955
101
160
60
701
396
813
507
933
430
979
17791
