14866
5
632
144
527
392
194
941
148
776
160
451
789
645
262
126
687
357
537
488
364
639
635
555
200
644
838
846
160
430
412
790
232
211
514
602
949
755
596
860
215
261
252
87
107
447
719
510
292
424
299
998
568
861
860
242
505
88
860
218
593
599
343
727
308
846
563
358
417
854
563
257
826
710
653
619
229
632
952
611
195
703
225
324
714
824
766
540
382
332
724
609
708
538
501
838
334
48
537
971
543
68
27
974
273
449
698
906
234
63
292
994
809
820
40
36
108
127
722
421
273
983
937
205
800
52
228
36
840
850
114
849
230
904
554
409
732
793
960
825
813
277
551
147
985
983
912
442
782
931
979
878
633
368
986
433
954
289
147
7
35
601
412
17
467
808
525
624
905
118
581
312
774
640
134
368
887
244
350
259
781
535
53
83
930
82
65
64
643
878
34
992
201
982
161
104
294
386
891
208
738
370
383
850
666
419
542
772
188
105
923
920
641
317
393
891
761
387
581
28
260
667
872
570
365
740
341
544
975
995
785
305
742
818
795
429
365
83
525
140
544
217
147
261
173
185
118
284
804
274
317
697
542
107
570
298
21
1
216
393
46
855
289
461
811
809
448
476
386
915
128
18
975
578
18
700
522
87
231
548
509
560
860
431
289
570
562
867
809
516
162
932
188
277
435
129
25
79
335
822
135
589
901
214
783
342
414
152
139
185
526
155
579
872
907
510
128
452
207
664
330
942
712
299
297
209
272
956
652
644
747
908
225
207
642
779
293
148
535
92
177
915
164
404
803
997
792
275
854
84
714
72
110
740
984
55
505
675
796
409
242
378
536
331
619
481
277
818
761
751
999
511
601
928
440
951
494
620
715
525
701
795
527
863
557
38
475
890
426
27
761
153
855
273
160
663
366
428
461
506
31
428
17
364
927
261
9
498
304
964
810
511
392
293
875
508
193
230
221
961
296
735
927
123
295
9
163
968
390
381
490
169
890
806
872
252
519
100
833
205
541
615
819
562
119
482
966
904
288
355
677
925
983
371
415
836
8
522
847
919
47
42
925
653
375
344
458
892
832
225
56
443
602
614
987
217
573
274
283
224
112
461
905
906
742
160
67
651
279
716
284
318
346
417
204
372
463
988
999
852
800
984
631
402
358
348
314
174
297
92
326
225
702
535
989
489
93
966
479
450
808
411
625
304
671
293
803
486
930
988
353
343
1
315
373
470
381
884
285
414
530
515
847
105
897
356
765
530
622
597
637
770
591
152
487
720
615
14
756
152
726
148
683
729
817
692
687
677
743
13
197
349
284
93
206
171
21
209
77
614
737
885
709
48
730
926
500
472
926
292
165
159
165
966
83
724
260
366
606
348
327
912
784
740
195
569
742
114
642
555
958
103
517
532
853
845
409
250
292
471
446
409
700
603
378
643
145
191
549
445
667
649
764
684
39
400
768
209
125
337
475
925
97
421
360
237
168
940
814
916
536
928
941
973
512
514
657
434
851
55
610
78
442
349
664
855
533
188
649
752
368
245
353
576
800
249
818
938
880
530
830
512
825
545
380
936
585
52
700
335
388
261
794
25
387
983
986
555
793
51
451
927
957
332
50
294
405
946
597
875
989
931
966
309
424
686
186
690
635
485
456
852
931
81
476
515
495
161
859
182
924
610
186
424
845
358
123
876
795
556
527
380
9
514
73
320
304
931
216
508
148
727
467
485
302
14
281
438
627
50
658
735
122
118
863
112
310
51
954
335
113
677
242
446
103
846
652
105
920
934
245
310
579
739
714
324
786
307
524
135
312
265
59
76
871
834
735
929
516
655
646
428
611
323
67
678
112
641
476
1000
267
218
902
874
138
238
372
635
650
200
986
205
660
230
425
135
850
473
575
219
640
3
742
151
805
888
784
679
838
414
600
297
909
791
822
591
466
483
156
638
305
33
427
958
251
436
650
426
208
60
702
498
803
335
74
70
625
696
550
207
198
185
835
998
720
478
439
323
196
144
177
869
847
422
877
162
963
986
224
181
297
869
605
97
116
215
907
247
413
642
872
491
856
645
707
326
139
664
264
220
22
67
428
443
380
921
163
198
7
223
654
790
287
674
713
799
249
416
101
449
775
457
181
406
291
106
441
928
830
929
84
792
459
289
636
82
716
675
305
899
257
379
694
166
569
409
511
777
437
983
801
790
784
181
645
877
654
476
283
655
731
528
615
379
370
167
201
521
197
972
410
316
307
854
634
699
931
649
901
636
135
794
532
29
181
119
91
978
291
756
830
356
268
310
550
77
352
984
825
225
138
377
8
531
912
978
607
715
549
209
226
91
357
541
742
292
753
1000
715
515
704
210
898
762
436
252
849
884
490
803
35
384
674
249
39
193
250
15
587
486
67
255
846
188
503
677
168
550
874
92
398
73
50
380
881
247
860
311
217
503
291
892
415
982
106
954
934
736
783
440
301
534
622
841
154
555
51
318
931
538
126
114
315
272
824
714
857
452
70
753
118
968
715
512
393
702
76
435
113
47
721
666
635
31
927
167
182
69
324
552
934
781
982
998
506
951
440
700
670
478
395
85
829
645
31
809
469
140
642
174
610
637
77
255
330
936
438
269
469
508
771
775
447
66
269
620
1
743
747
230
53
193
679
59
445
451
348
115
71
633
606
783
177
633
212
600
92
730
266
844
53
457
956
698
433
692
94
352
304
268
893
956
583
483
261
785
154
643
41
64
762
568
966
592
195
153
923
542
451
756
957
901
450
691
272
869
884
980
315
455
775
197
950
207
783
506
942
84
314
140
287
908
911
586
899
402
355
466
643
590
759
475
116
521
81
126
678
802
125
534
494
47
771
499
62
722
471
84
197
215
998
376
947
588
12
662
800
432
473
669
726
835
262
22
441
859
926
598
19
516
348
877
435
495
836
199
554
8
249
734
394
661
366
432
129
749
888
379
287
146
687
627
671
13
715
577
907
542
176
565
105
436
736
622
101
188
491
113
275
261
915
109
962
891
403
933
158
796
735
190
551
916
263
145
529
268
208
266
901
650
525
772
933
968
920
747
95
438
921
549
871
585
111
46
512
687
332
222
367
546
388
504
859
819
557
977
875
139
768
641
67
455
873
918
547
356
882
102
783
774
908
253
340
65
368
785
18
502
5
804
232
382
458
372
191
960
622
684
111
395
659
44
502
43
364
184
334
218
971
469
384
614
862
694
773
476
148
448
779
124
406
814
154
622
1000
140
477
859
347
207
184
526
272
710
129
299
559
242
488
588
873
161
151
721
306
358
298
220
599
867
384
369
331
561
366
439
618
703
693
912
779
548
988
358
11
445
215
299
33
646
349
172
578
6
573
266
743
987
599
245
882
297
224
164
447
299
61
620
773
422
334
269
710
871
735
311
960
271
292
523
399
733
615
761
222
286
677
931
696
588
896
515
88
692
251
451
695
837
220
129
563
560
884
17
787
354
336
674
500
265
82
676
4
197
172
361
480
52
535
497
817
601
814
845
468
501
233
116
177
383
263
107
493
388
371
869
404
981
131
291
22
791
509
302
652
27
476
342
200
937
898
61
776
505
204
409
323
777
517
137
530
680
222
684
269
449
231
836
870
582
184
459
274
849
353
474
792
847
880
892
463
178
794
972
650
615
515
465
89
472
273
62
468
60
889
422
738
2
685
728
771
711
655
762
895
209
26
965
552
612
494
119
78
609
86
2
825
807
763
676
424
626
198
975
372
752
598
843
606
813
427
86
214
213
848
551
94
553
264
399
112
86
637
264
849
286
413
881
51
426
751
736
424
787
803
539
361
487
716
247
802
456
619
494
200
91
314
218
63
824
500
198
705
744
805
451
560
226
12
688
132
565
332
856
113
753
575
463
215
331
227
475
658
977
178
122
76
760
378
346
266
602
701
543
362
897
314
477
138
108
340
163
675
945
135
161
882
514
748
531
503
173
395
591
803
133
611
221
159
12
559
609
213
794
704
981
77
153
434
178
745
577
959
944
385
606
271
945
25
711
478
895
344
68
49
132
418
572
705
404
613
807
760
497
735
876
471
27
615
409
941
609
553
183
731
844
341
506
939
303
307
298
172
704
571
119
124
360
168
614
805
680
652
879
569
339
272
491
399
860
191
796
276
474
862
362
797
614
100
863
101
131
221
160
629
523
259
622
836
454
164
650
490
116
857
845
947
396
987
438
443
280
189
877
70
712
9
462
269
71
901
930
488
15
310
963
614
432
173
731
567
643
521
88
704
564
449
218
439
368
97
740
320
795
939
819
736
556
735
518
199
271
514
276
397
975
300
118
481
376
195
800
695
656
578
395
887
160
335
779
710
613
246
156
557
812
635
661
61
851
450
93
744
683
986
846
106
900
379
325
463
130
812
73
116
857
417
212
172
791
446
71
193
638
615
81
440
220
727
14
533
524
546
21
239
305
975
148
759
510
183
809
179
996
373
396
642
677
963
107
166
253
306
717
119
303
777
918
42
633
197
31
321
566
370
991
384
855
701
531
443
117
931
978
700
853
152
690
158
948
180
985
625
909
458
353
435
930
576
482
744
111
291
664
439
565
777
864
918
72
121
312
900
6
121
28
510
639
112
592
992
546
715
465
326
314
1
162
698
327
829
436
395
453
148
428
701
815
472
688
878
674
149
600
150
488
795
303
414
69
272
980
871
127
418
62
913
600
637
206
398
767
288
540
603
636
927
66
889
604
938
111
63
280
548
945
863
667
38
288
852
75
365
47
337
621
1
814
983
409
854
895
391
103
122
739
400
644
408
564
707
394
423
928
90
457
320
80
452
897
383
872
832
669
508
464
352
648
175
477
950
244
447
54
107
185
165
192
16
591
625
920
555
186
655
801
877
594
215
60
705
189
622
584
712
248
624
758
369
34
960
132
604
447
822
925
856
293
508
672
820
95
670
843
177
8
141
312
995
807
994
5
567
726
686
711
117
273
524
891
923
314
502
205
964
980
770
12
131
673
780
281
139
449
836
343
769
300
4
674
220
882
659
962
258
788
17
261
635
316
149
754
95
726
594
395
331
94
818
499
23
919
111
740
499
213
28
487
705
681
696
271
319
43
196
8
608
412
894
403
517
930
406
268
91
571
911
286
708
378
915
230
478
739
123
754
892
426
865
544
470
300
94
108
117
582
806
400
893
777
288
850
882
39
593
629
736
911
870
122
756
965
34
23
877
496
313
735
784
964
26
917
4
589
420
659
10
482
822
612
606
680
267
685
476
394
54
711
313
435
782
10
201
299
611
936
190
500
81
633
362
784
616
380
902
628
351
570
656
326
769
848
212
28
501
69
245
436
520
506
146
315
362
301
631
799
275
520
554
388
865
542
411
690
772
535
443
531
182
81
782
387
409
314
644
419
317
225
184
400
876
352
941
570
597
450
997
999
544
906
462
210
984
921
384
161
913
554
575
539
89
435
632
857
670
456
503
893
93
291
397
967
312
711
928
85
946
506
302
802
854
743
559
888
651
872
82
713
957
271
16
75
386
910
804
104
310
866
466
120
226
773
851
669
729
940
554
452
272
914
633
850
602
387
20
646
447
781
337
499
584
875
185
938
135
573
542
478
514
946
413
364
823
351
450
536
431
402
427
293
796
403
100
386
537
635
556
268
790
228
276
362
601
110
70
216
550
721
925
820
713
879
208
406
898
841
154
284
734
615
394
597
500
954
469
114
225
53
769
972
77
248
342
800
250
974
193
327
341
520
404
637
500
759
464
390
980
457
573
807
254
932
442
547
231
103
270
213
615
310
83
931
360
127
968
438
481
237
866
417
635
135
316
164
284
584
122
28
170
557
928
220
650
730
132
93
561
519
751
56
705
268
474
875
70
593
700
711
311
775
173
951
393
924
195
528
709
833
698
797
170
746
663
383
975
52
765
740
813
612
575
33
220
375
814
715
910
728
215
381
541
101
259
684
201
911
486
105
835
860
671
84
272
448
774
443
75
619
573
684
860
228
372
429
936
29
102
244
669
532
11
197
135
479
947
618
217
38
112
628
120
117
729
151
301
299
716
826
343
469
262
236
538
179
351
335
850
494
455
291
756
933
182
355
423
109
440
612
230
664
738
692
88
454
575
2
930
171
986
435
333
228
385
314
174
653
947
611
90
742
450
540
184
158
815
8
741
977
791
410
250
905
680
467
243
511
880
507
914
782
573
116
79
894
550
263
891
681
719
962
801
404
981
651
450
86
371
486
449
407
85
819
619
593
620
727
862
45
608
413
709
291
914
485
693
239
69
362
763
748
684
155
251
389
5
87
87
864
59
992
568
912
27
288
60
471
104
99
816
906
977
685
268
411
822
538
984
252
475
117
176
635
353
256
285
976
728
428
269
473
719
748
903
661
199
426
698
440
651
694
934
564
1000
730
619
74
769
640
304
895
67
29
848
861
306
865
442
636
69
394
643
367
963
800
568
103
132
11
531
41
39
244
482
165
936
941
142
527
854
604
632
63
315
2
457
140
910
735
419
250
376
271
782
512
777
771
849
963
238
184
204
899
254
955
745
84
775
218
782
987
299
171
641
7
153
757
662
823
871
385
164
758
973
548
348
268
88
841
461
513
301
14
456
433
764
509
483
884
641
296
638
578
193
775
920
729
48
771
613
809
231
15
250
719
609
903
974
21
177
618
103
332
823
664
538
447
614
819
566
678
623
260
752
902
651
452
700
882
174
92
392
841
50
565
328
716
916
367
413
694
230
716
331
58
879
21
775
796
437
939
422
975
730
943
480
179
238
926
347
838
500
489
950
813
637
883
805
177
447
605
981
555
295
625
467
542
981
244
240
183
905
494
908
306
469
881
692
55
54
761
300
553
296
125
27
192
735
126
756
874
702
490
622
381
320
796
791
525
131
711
111
787
5
553
466
778
113
358
161
445
347
2
554
870
53
175
524
176
762
970
92
174
785
937
737
139
24
687
156
134
956
465
323
521
581
862
538
16
772
222
622
919
88
752
667
340
214
185
624
118
678
959
417
500
919
842
923
406
545
164
607
446
432
856
372
828
122
854
902
580
845
158
403
581
327
513
554
384
362
893
822
845
190
480
938
780
725
94
406
371
440
370
41
331
393
693
988
670
597
169
801
772
556
913
952
333
145
388
295
975
135
256
892
515
213
586
397
601
611
417
518
783
339
275
837
92
956
742
510
319
371
423
1000
180
365
228
909
829
261
806
904
403
641
296
270
85
23
322
914
998
740
930
671
813
233
698
523
605
76
787
729
280
251
936
60
539
908
862
959
274
420
716
789
59
846
321
786
856
178
168
194
995
612
83
767
773
890
242
38
499
783
59
504
461
180
787
329
39
862
810
155
435
116
824
173
725
945
96
41
312
997
738
334
958
116
706
569
122
262
811
500
102
123
923
31
94
464
990
290
608
342
108
822
386
785
989
265
22
511
170
880
780
366
744
842
623
436
156
183
287
334
591
573
598
702
773
221
996
189
128
427
844
988
564
544
43
446
556
449
650
557
105
127
886
798
804
263
722
427
605
789
384
526
769
317
835
661
362
138
218
204
709
675
799
949
652
258
425
74
147
827
610
416
316
750
441
615
245
301
731
48
809
665
330
325
203
811
224
342
629
667
234
276
891
757
6
124
337
870
583
550
371
215
625
48
416
689
966
411
194
124
996
844
464
534
206
208
419
673
878
912
891
223
218
424
513
413
418
194
529
946
518
526
738
393
471
180
494
986
784
165
476
496
242
17
806
581
394
741
111
659
946
625
32
253
121
871
670
166
985
18
295
249
970
679
635
832
513
267
48
883
587
632
86
718
897
125
220
376
910
49
934
386
497
47
422
812
186
581
629
644
360
263
172
548
814
50
180
477
90
377
26
918
181
369
651
810
163
46
799
418
377
581
415
896
678
190
478
370
658
185
228
636
856
510
666
526
546
596
412
187
103
371
706
491
566
578
331
210
453
134
130
238
948
633
669
641
496
711
568
398
21
883
686
864
3
723
727
92
432
593
966
507
627
155
936
515
276
452
850
84
686
60
677
598
852
291
72
265
782
300
441
599
638
158
798
401
198
581
740
373
953
891
445
150
155
695
124
881
99
531
6
531
262
664
715
64
263
120
929
532
948
191
338
201
79
984
265
162
665
356
540
533
493
164
588
592
137
130
613
37
968
285
612
413
987
551
574
975
370
926
908
188
551
560
518
645
51
838
834
805
171
935
760
910
587
456
2
984
440
179
255
686
36
421
912
351
343
160
55
458
300
547
574
859
941
32
690
629
885
826
196
353
830
305
523
685
309
14
22
966
798
114
541
298
508
408
894
645
506
368
735
214
713
729
436
273
523
425
890
774
743
470
50
170
576
984
435
225
798
951
550
26
854
507
900
650
596
619
140
722
545
802
579
7
889
151
55
997
399
393
226
32
313
894
404
105
433
714
989
420
31
298
412
862
743
145
196
245
895
901
976
451
128
364
110
536
569
665
992
258
312
885
642
911
964
165
155
990
522
61
378
783
286
416
992
575
96
37
361
424
974
952
945
919
285
77
580
780
457
124
29
210
692
468
998
152
209
667
627
640
727
649
454
136
965
170
260
685
238
741
713
90
768
657
826
946
875
442
344
475
277
214
805
157
207
453
396
28
751
272
294
711
348
694
960
885
817
59
565
171
758
315
572
605
765
992
690
645
622
114
88
643
5
950
791
985
273
609
707
952
676
324
832
532
594
862
37
342
838
171
539
699
512
623
666
729
157
535
891
107
235
686
975
4
804
27
167
861
313
279
181
440
586
174
312
450
662
757
827
27
822
849
312
33
698
924
615
682
92
348
283
315
785
629
259
982
77
753
520
893
17
14
736
676
993
405
87
568
783
241
86
729
428
980
676
7
888
939
516
295
868
855
167
654
747
508
538
447
512
692
762
608
808
863
624
797
214
81
111
346
732
360
422
7
140
430
774
107
367
466
629
469
950
573
866
389
374
630
440
551
280
366
132
6
662
227
605
377
823
657
48
25
760
852
998
240
692
512
339
571
982
838
625
546
488
525
938
487
805
34
65
777
250
987
274
943
680
710
152
843
411
559
915
576
505
178
665
349
483
811
405
787
650
20
412
673
394
176
928
458
237
730
849
177
858
83
266
635
103
382
722
907
595
57
474
244
242
815
93
24
873
786
799
433
330
848
516
115
699
121
872
846
650
808
131
703
560
595
677
41
803
111
690
594
13
179
415
165
563
27
149
462
829
512
617
327
843
708
165
136
444
969
382
118
106
919
31
913
952
295
320
745
831
497
491
787
114
383
870
988
342
674
181
846
770
662
994
795
33
724
165
304
469
921
211
16
452
719
456
570
830
538
730
765
116
146
443
635
213
189
733
785
861
36
415
464
872
907
716
801
71
673
538
501
157
571
718
347
226
790
861
781
851
11
393
478
704
326
929
927
99
254
719
691
442
693
306
748
792
447
57
709
67
680
788
988
873
520
900
393
643
215
204
483
287
842
522
569
435
347
751
534
780
40
149
54
822
612
434
635
772
654
453
650
518
935
955
553
698
142
760
120
184
349
833
476
441
38
612
27
119
105
67
944
797
25
217
580
379
294
205
733
407
187
207
933
165
540
515
827
505
598
376
384
193
813
330
856
361
227
803
325
673
169
639
438
319
992
154
683
432
783
737
255
355
994
206
584
281
128
629
325
897
566
293
406
650
505
329
21
829
892
623
777
732
607
171
236
538
539
476
205
923
752
76
806
864
992
397
308
396
258
155
280
555
331
190
800
443
556
511
589
809
595
697
867
987
557
124
838
765
220
221
239
111
95
987
983
150
663
731
783
925
257
11
269
623
439
316
409
528
337
66
251
466
673
200
396
445
544
438
851
59
570
148
843
562
639
186
774
5
663
812
948
24
327
430
426
470
420
726
244
978
416
938
662
325
504
414
48
793
358
812
910
709
38
976
841
272
712
781
482
222
641
363
973
97
303
534
793
623
437
111
679
858
524
35
969
97
958
918
21
775
515
133
497
459
339
734
261
682
162
526
676
489
241
432
964
619
199
175
121
284
834
853
227
83
663
200
8
529
230
202
822
548
461
796
508
344
989
102
692
578
119
231
248
570
375
883
748
57
570
376
644
176
119
253
548
836
452
92
258
850
482
948
501
773
405
404
78
144
331
472
316
599
222
467
477
201
242
352
792
432
656
545
949
102
774
526
517
105
270
252
247
785
901
709
628
745
290
320
256
125
672
817
38
532
45
118
803
702
913
775
447
544
330
967
122
569
800
785
129
165
406
562
32
883
75
96
429
801
364
381
959
806
275
698
167
514
703
769
846
263
901
614
667
734
951
944
747
374
402
629
258
869
894
14
864
167
379
831
770
410
923
517
943
639
485
854
539
852
840
24
188
667
373
211
535
625
213
508
652
653
973
802
549
697
716
167
82
607
199
215
486
895
714
982
323
614
291
679
125
248
39
348
916
384
102
60
430
335
704
178
164
89
361
594
290
767
520
608
810
991
961
884
801
244
564
722
627
567
383
615
293
204
145
398
382
168
885
433
180
885
351
514
930
305
974
446
139
700
791
679
988
617
899
662
688
699
467
231
106
153
539
33
110
788
853
987
222
523
675
879
265
679
841
763
4
945
971
989
686
549
43
357
75
244
623
920
979
732
132
192
943
236
257
51
484
204
721
657
802
506
567
493
975
115
370
799
121
516
113
215
193
955
127
181
520
108
445
579
349
712
315
237
138
930
746
536
255
754
32
977
650
680
79
707
39
426
916
303
848
740
482
453
967
55
327
398
667
453
445
1000
695
493
548
439
840
264
787
319
343
950
300
371
801
665
615
515
278
18
235
36
708
717
994
759
2
230
230
239
748
133
310
773
491
487
928
352
420
715
380
504
537
76
864
272
669
681
16
910
143
384
954
359
576
185
681
537
42
578
150
710
650
573
255
816
929
404
114
314
427
963
175
897
789
286
235
737
439
587
851
853
901
680
740
491
947
665
142
920
152
830
668
255
490
589
127
158
486
110
823
518
842
188
959
808
636
144
460
253
872
383
185
408
397
629
413
923
427
447
72
565
291
694
89
252
879
985
797
565
924
776
472
463
955
787
152
569
177
674
429
301
182
80
427
849
454
793
920
388
484
890
686
865
864
64
534
215
327
255
848
390
65
114
742
272
413
300
913
219
560
524
688
163
856
905
567
616
154
554
128
12
516
725
834
615
193
581
792
933
341
607
888
983
613
400
437
353
787
925
411
333
983
386
238
625
973
101
600
644
188
861
941
920
636
57
392
871
605
19
771
386
581
462
76
548
475
725
671
113
113
212
999
153
87
616
585
481
802
411
232
240
243
919
484
705
139
310
219
47
60
242
305
429
44
505
703
218
236
238
667
177
983
785
106
917
299
845
727
557
594
875
769
567
217
555
206
819
351
15
375
382
313
768
15
833
8
102
921
155
648
676
960
651
933
681
676
991
110
169
563
319
424
490
449
978
782
568
524
912
933
879
344
73
823
159
732
761
519
87
170
321
783
279
164
696
658
862
126
365
294
530
632
840
347
108
575
281
548
727
944
912
1000
429
690
197
342
768
340
544
118
567
560
693
585
987
340
787
140
881
158
719
551
347
398
571
715
100
519
309
440
800
423
249
944
746
411
774
763
640
248
216
441
879
594
955
978
373
879
584
961
838
770
181
212
744
496
470
684
34
750
81
139
478
26
908
476
263
653
168
848
668
158
81
764
188
585
422
913
267
123
534
995
268
705
390
237
302
226
1
858
712
851
1000
489
484
638
12
254
352
260
965
786
278
474
91
437
542
39
389
930
612
559
391
429
892
630
951
810
495
156
894
455
275
40
941
558
104
341
238
82
531
396
968
605
20
996
562
181
492
903
763
825
829
788
327
780
85
187
9
582
979
25
449
479
692
348
718
509
817
787
779
676
8
332
550
485
772
547
714
246
762
534
108
810
558
695
189
47
118
375
838
885
276
681
560
957
418
46
201
686
177
804
710
842
25
632
607
959
812
177
661
73
23
607
381
555
607
310
538
217
10
188
196
701
54
729
878
172
38
223
408
939
503
761
42
976
679
627
21
544
267
107
763
464
302
167
351
660
705
939
778
721
564
175
694
477
129
110
871
658
20
557
308
603
460
307
619
598
870
920
79
801
78
995
448
222
531
593
152
840
29
356
903
198
541
970
98
813
472
942
581
403
738
873
819
9
222
988
398
27
57
5
214
125
576
406
377
354
183
965
648
147
68
811
513
154
240
907
141
898
269
178
538
71
127
324
101
22
364
810
239
48
618
415
306
670
298
114
548
792
443
378
93
585
272
73
101
755
927
53
627
508
504
219
536
362
493
317
457
333
132
137
648
465
629
842
417
67
296
839
174
129
865
83
64
343
236
35
200
129
682
494
853
208
132
384
93
597
437
495
199
949
404
750
12
697
850
498
274
119
905
624
340
843
673
118
537
428
271
86
138
257
16
135
910
422
172
743
397
110
386
431
192
957
154
378
833
15
806
697
685
273
575
10
763
493
703
182
174
594
422
962
31
590
465
163
676
98
59
839
562
833
213
615
349
648
82
726
591
187
125
227
294
426
687
422
45
27
69
871
870
717
829
951
987
923
266
497
399
282
236
377
854
254
594
846
565
969
624
28
829
490
288
211
610
570
172
359
904
724
40
667
3
222
275
346
366
727
917
825
200
980
573
741
780
523
714
760
600
483
90
92
484
348
614
346
163
559
299
127
899
452
112
588
490
792
352
837
419
167
184
203
753
845
333
523
433
426
488
15
209
14
708
561
614
800
296
198
647
646
185
506
882
612
704
84
335
675
250
532
68
25
532
347
628
789
467
986
974
782
794
345
381
66
263
394
416
645
677
372
532
796
392
275
289
219
629
132
814
738
747
769
131
886
708
560
53
150
836
281
136
878
169
691
853
453
652
413
787
915
422
499
461
594
478
882
133
22
565
745
565
201
956
53
27
442
341
687
72
239
554
436
710
611
854
777
721
530
732
319
719
249
972
493
210
422
943
293
438
991
1
676
348
66
534
792
637
671
296
21
13
796
263
567
678
492
750
19
65
974
422
866
638
858
550
685
340
575
499
326
381
218
864
131
415
22
307
989
142
607
261
857
596
831
998
775
694
992
159
868
88
991
978
800
967
683
889
986
674
992
482
182
872
933
60
593
588
129
760
567
933
52
637
767
301
292
956
572
384
761
985
508
410
903
327
232
32
563
247
974
11
981
729
535
86
721
597
9
590
865
674
373
975
473
391
622
680
68
412
878
256
201
143
872
75
768
807
980
120
926
788
89
550
486
133
323
88
127
102
546
304
755
40
926
194
57
618
967
544
830
745
176
27
377
464
740
284
22
973
140
654
783
527
230
630
645
5
113
650
56
57
930
47
998
645
158
920
641
49
787
796
271
255
434
360
400
195
523
91
440
876
933
254
953
226
608
66
746
221
57
130
996
793
299
362
50
937
453
739
131
901
917
800
51
966
794
886
722
897
757
676
607
413
945
386
368
256
429
214
546
162
534
656
441
42
282
174
283
935
486
491
931
346
434
56
548
355
75
643
834
813
786
197
134
973
401
865
431
558
649
170
766
548
200
427
255
926
581
721
520
585
314
375
722
246
237
778
745
748
183
674
944
897
274
44
46
363
346
136
762
894
796
96
666
867
40
404
337
252
462
773
586
601
260
192
170
609
960
497
97
349
884
680
321
917
299
510
441
684
766
747
627
128
834
165
670
767
177
875
664
94
844
678
415
904
451
57
865
205
859
303
443
722
609
352
305
254
669
70
120
931
924
282
727
182
270
803
720
314
986
449
916
904
332
25
573
694
196
804
640
314
162
30
256
370
553
163
754
525
782
961
703
562
652
392
938
995
828
782
23
351
972
33
296
708
35
599
84
468
391
924
966
76
792
300
956
398
824
593
68
502
961
753
926
715
147
412
609
19
114
418
245
601
59
476
973
36
465
872
995
227
849
70
290
882
613
986
902
520
326
199
266
186
724
405
341
209
672
736
505
562
171
418
221
973
527
932
14
966
421
927
176
441
425
890
528
812
67
689
658
1
725
657
252
48
47
65
599
348
920
226
834
347
207
718
977
631
537
128
100
253
296
157
951
99
102
580
535
699
925
115
856
220
596
825
683
140
250
274
19
946
699
609
559
178
668
831
509
168
107
401
334
723
541
918
943
793
9
618
530
609
157
485
756
233
154
462
166
653
568
979
551
231
538
768
150
775
485
543
895
5
579
101
226
237
525
533
236
133
369
634
725
51
670
836
579
455
284
299
526
693
488
640
805
842
962
976
574
442
340
864
563
502
870
224
45
586
589
770
254
244
771
60
963
332
714
807
438
877
372
167
616
363
715
699
647
933
48
986
416
633
338
117
267
542
274
387
489
264
175
213
626
404
760
479
939
726
225
187
339
378
213
157
925
170
728
153
782
792
201
600
253
596
648
950
609
746
743
763
606
817
723
233
857
113
962
132
445
553
592
436
598
98
189
478
670
515
528
718
276
939
869
241
144
318
775
717
782
146
684
29
922
812
589
483
96
578
442
392
487
822
502
896
423
416
844
167
253
361
522
439
245
606
110
240
302
911
378
740
218
803
307
648
285
160
978
488
849
613
32
540
198
405
232
504
568
268
32
331
891
824
310
301
176
907
748
436
557
107
497
670
665
522
939
653
227
627
285
235
739
957
206
967
315
570
307
276
822
815
313
770
110
664
65
407
196
745
475
811
423
861
840
755
557
601
550
6
376
348
172
747
148
166
610
895
233
19
991
796
246
595
884
949
230
782
447
368
477
464
564
483
110
249
905
499
931
192
566
203
694
755
240
905
831
417
579
898
602
832
581
361
968
690
811
118
2
221
136
415
153
214
234
806
648
891
108
919
311
346
678
509
738
431
297
880
813
388
485
347
751
459
551
862
433
482
251
21
131
403
340
257
870
642
134
635
804
202
12
243
927
143
66
910
41
804
747
180
309
426
71
896
350
903
120
325
638
6
828
752
303
47
106
498
633
124
425
200
424
367
181
621
605
776
395
4
470
565
117
988
420
131
95
493
270
607
760
447
706
603
776
674
22
613
571
899
919
67
532
719
494
414
532
802
471
260
864
644
358
245
615
320
439
955
573
642
647
418
574
345
827
175
658
791
529
533
66
882
538
918
766
30
268
63
656
274
184
692
245
448
275
893
58
434
507
120
723
164
569
861
941
10
471
796
146
44
460
807
823
235
810
192
237
554
279
69
738
477
765
367
922
295
37
603
636
502
747
158
391
621
977
510
885
345
219
477
921
516
43
720
715
578
217
410
197
343
124
806
739
696
528
863
892
913
303
40
72
533
539
771
357
614
23
924
966
270
522
627
378
714
107
221
940
239
776
287
935
944
112
88
649
393
145
14
647
508
5
191
95
275
438
158
188
570
595
977
773
582
35
748
861
178
867
687
142
691
450
179
322
313
973
540
585
469
290
764
643
502
803
594
144
774
278
263
723
686
464
351
628
295
837
723
757
402
516
929
617
468
547
768
984
743
781
627
867
660
665
475
509
600
93
189
502
272
335
516
357
153
235
504
16
38
470
238
207
506
51
588
706
770
691
718
188
891
852
421
938
721
256
785
401
613
397
415
644
192
703
986
571
474
576
342
380
709
262
483
897
30
711
663
118
253
28
762
973
701
439
810
492
755
219
92
850
408
178
121
959
289
207
149
233
193
420
889
48
119
487
705
287
151
440
998
914
378
516
378
725
416
211
29
835
139
969
786
812
659
380
439
860
286
73
39
61
373
724
22
868
191
494
401
245
229
801
113
831
64
256
292
854
652
260
224
250
961
633
417
756
410
24
796
19
76
186
905
327
797
339
181
917
434
143
698
399
544
224
957
716
823
643
752
208
106
783
630
313
93
86
987
177
199
37
202
393
787
24
952
360
12
448
804
962
71
322
202
562
208
717
991
845
629
332
580
453
804
221
556
23
148
735
290
534
455
511
539
115
32
305
765
742
350
46
705
314
993
250
948
161
473
730
3
54
735
695
698
771
682
401
291
885
731
664
659
647
790
555
114
39
256
628
135
231
695
182
155
887
825
830
499
194
361
531
450
576
37
534
543
813
934
609
737
207
617
373
450
731
988
134
501
940
131
596
445
340
191
787
428
548
97
859
883
289
806
194
308
160
752
770
385
513
223
401
92
855
53
343
334
487
778
126
455
64
921
995
185
63
752
482
849
330
901
460
894
891
653
196
855
393
360
67
784
828
771
59
117
254
818
376
10
181
926
431
260
429
805
180
746
520
624
251
726
865
732
349
126
369
4
310
383
322
585
473
801
359
943
848
187
693
190
694
884
730
188
457
769
61
310
287
168
959
123
863
106
681
884
306
927
930
485
175
124
530
635
343
710
234
100
161
14
4
517
477
854
595
122
625
334
834
786
764
11
916
289
352
659
437
566
238
897
298
219
490
162
86
852
411
787
594
928
94
507
538
729
671
131
391
780
145
243
7
141
901
441
957
703
466
625
170
292
864
257
8
892
286
704
838
315
307
254
998
531
739
64
868
657
604
798
943
878
214
15
513
170
814
797
701
457
962
726
331
516
263
841
857
558
898
138
431
257
779
543
232
165
443
49
912
646
484
686
746
713
488
165
286
65
461
926
659
304
467
457
972
359
516
694
360
422
761
231
444
45
971
718
650
25
14
273
602
167
707
430
679
949
537
321
884
348
973
279
102
466
886
931
425
690
546
697
240
102
788
824
678
885
906
461
118
475
784
570
315
720
841
236
413
194
938
613
242
650
854
849
629
375
509
240
606
943
532
723
439
106
578
905
497
11
116
144
582
415
582
1
422
192
532
867
469
802
658
179
731
307
394
552
236
554
453
733
553
742
224
67
514
923
657
147
204
311
911
463
33
423
379
164
198
55
950
470
468
134
583
730
366
675
376
183
943
414
187
188
919
13
482
62
983
525
91
959
145
365
253
646
991
983
824
151
358
817
500
548
156
375
921
861
171
875
955
814
395
427
225
560
524
727
862
964
872
544
642
713
848
707
314
881
761
633
738
975
376
1000
620
494
855
58
27
886
67
217
492
906
627
904
936
96
578
738
706
487
61
780
502
697
445
186
932
941
818
513
313
236
847
396
355
491
327
543
248
696
225
337
776
891
483
296
953
783
11
770
242
986
737
652
15
624
637
318
782
313
429
108
515
622
394
457
318
505
716
508
766
269
383
330
744
92
947
784
893
754
28
424
663
214
780
445
859
830
254
787
693
558
720
358
964
890
199
740
305
616
524
668
51
708
18
179
85
127
833
898
785
882
372
802
693
406
745
925
561
557
217
976
717
296
222
82
373
359
27
83
684
591
766
797
926
313
399
596
696
156
403
163
690
869
18
262
43
760
354
130
361
936
212
137
63
142
180
647
633
806
238
655
125
705
333
63
573
701
41
839
41
31
214
156
935
599
242
497
929
666
267
865
323
26
339
328
246
697
932
89
952
93
796
599
822
634
158
692
648
947
259
884
333
149
409
96
486
438
303
333
373
190
594
248
976
200
636
289
711
354
930
371
674
291
119
786
435
242
292
799
45
835
890
279
154
935
847
184
903
389
831
402
642
453
823
210
735
803
600
728
594
62
651
97
941
986
208
452
119
917
250
564
847
248
733
946
723
64
339
972
540
885
403
102
760
461
820
135
645
502
266
145
174
165
392
536
733
168
274
152
275
304
682
5
369
994
891
885
554
979
415
223
389
940
378
124
75
872
741
949
39
156
182
878
238
800
912
442
755
966
989
357
552
204
186
664
602
802
68
995
221
997
740
673
987
31
595
553
848
534
5
486
545
499
880
363
116
432
124
662
65
251
220
366
110
739
259
48
841
163
303
526
1
493
208
655
613
500
200
943
104
370
98
251
359
68
75
102
10
989
159
486
687
270
724
197
474
50
293
821
502
622
729
397
644
163
832
131
371
937
520
842
416
617
52
76
239
936
432
298
282
481
935
485
186
777
41
65
473
428
936
585
482
621
831
518
699
939
86
739
4
78
890
109
81
140
96
570
60
617
424
859
294
564
535
372
405
249
465
271
347
301
669
496
554
126
414
365
560
609
277
480
884
789
335
509
531
568
453
390
225
55
672
620
63
168
70
966
15
926
62
189
541
300
755
820
454
397
570
485
321
657
244
581
308
69
992
864
106
612
401
533
114
814
78
132
639
31
551
152
618
55
490
681
181
376
549
27
943
880
502
139
328
204
659
36
232
645
426
502
213
736
299
103
364
816
904
212
206
587
446
320
408
300
2
881
766
965
25
702
479
906
948
200
611
700
571
66
685
957
506
515
269
928
118
485
977
28
591
211
223
37
799
466
32
112
523
500
798
573
571
393
696
521
126
868
826
610
67
15
695
741
464
210
655
697
887
992
935
879
423
512
263
932
213
403
164
384
354
471
343
203
394
851
39
719
534
623
407
836
993
856
374
669
760
598
210
765
322
22
853
261
511
757
496
65
450
765
566
393
936
329
85
211
87
152
310
594
688
844
338
849
752
442
853
715
78
875
66
990
299
456
40
534
887
858
184
25
107
938
909
462
484
66
956
392
526
472
927
135
151
304
418
664
217
428
708
223
473
54
999
297
786
136
121
227
752
536
870
955
341
242
134
597
466
460
51
136
175
808
913
701
309
850
336
845
768
25
240
307
690
779
595
168
998
832
178
15
134
148
726
302
383
79
159
267
809
825
629
395
667
857
524
812
623
157
406
28
930
864
436
752
898
32
181
828
826
526
729
554
837
594
407
270
436
413
605
889
684
439
968
394
948
706
131
675
169
728
348
968
103
857
318
596
949
880
248
700
515
934
188
394
569
536
960
590
350
43
306
994
102
914
235
585
381
793
478
604
945
785
611
268
231
28
175
46
749
879
999
672
634
977
650
48
905
860
352
617
486
978
761
1000
344
917
338
284
579
745
764
896
715
251
494
956
938
1
604
644
505
305
716
823
435
453
705
596
250
912
573
235
731
481
457
329
391
952
292
892
455
836
500
425
508
736
468
334
478
885
546
151
135
660
467
835
347
867
637
950
211
770
345
645
766
722
631
173
217
522
668
548
969
491
456
734
108
549
236
985
245
417
459
779
124
791
320
850
113
426
622
790
641
505
710
590
950
192
604
135
264
90
401
525
717
361
891
256
331
523
592
518
777
732
660
3
823
631
973
158
943
870
524
740
174
788
417
724
838
782
375
775
480
383
38
805
247
667
680
54
731
130
229
433
165
79
880
205
559
535
215
677
169
185
397
635
491
94
210
987
610
894
930
5
633
696
466
101
150
153
988
366
451
714
918
98
233
38
821
669
524
182
652
276
665
738
618
360
682
21
41
515
990
349
774
994
774
568
862
980
656
282
978
244
76
398
737
398
50
216
296
62
238
886
337
252
636
418
990
646
124
551
78
757
729
757
863
400
735
309
293
243
467
392
576
565
254
892
900
226
830
221
751
230
991
67
436
235
273
809
627
449
750
967
647
149
36
181
204
450
432
949
897
984
917
413
470
98
75
765
842
372
514
537
329
315
4
206
44
479
427
385
793
648
182
13
544
730
156
409
679
789
634
355
902
813
613
583
910
436
337
612
574
145
319
124
31
357
491
146
68
442
312
839
350
101
698
751
373
454
383
607
650
9
649
378
502
850
102
986
987
569
432
776
136
366
76
320
268
81
21
514
986
547
299
877
729
382
491
418
883
829
682
65
836
59
920
482
985
225
522
326
800
631
124
827
108
666
605
953
982
705
117
59
352
437
280
286
355
585
884
90
621
599
739
939
697
924
621
432
626
699
124
355
72
728
387
944
29
422
959
829
528
356
487
701
689
183
432
881
347
634
516
843
599
173
959
760
932
540
499
245
521
150
723
844
833
891
79
108
948
859
289
26
330
872
16
753
214
39
213
874
862
144
769
272
217
693
861
873
875
433
612
767
362
900
741
57
678
881
112
254
523
365
747
992
711
738
497
887
747
306
602
907
349
44
410
977
27
883
208
821
48
471
231
286
849
556
639
488
415
845
352
64
507
190
477
315
226
769
469
28
463
979
291
307
104
354
9
950
582
612
429
826
291
382
622
92
142
483
843
606
202
22
818
715
51
114
393
728
942
540
119
82
755
828
585
474
929
316
951
311
588
880
315
745
245
679
193
51
121
466
122
393
829
559
313
108
874
191
892
571
353
771
509
830
336
71
471
580
746
132
242
204
756
842
13
359
15
113
337
695
712
980
715
382
235
865
473
215
97
627
173
276
345
689
950
858
286
650
316
618
973
576
584
823
423
218
347
315
533
923
252
439
842
134
989
589
894
317
26
242
52
854
152
597
347
626
175
36
346
986
389
708
104
92
864
710
393
605
646
911
828
35
346
951
176
742
588
79
437
343
522
912
885
557
292
772
15
285
822
583
759
48
582
832
228
465
899
201
824
955
974
833
871
209
565
466
650
874
318
201
331
540
231
257
913
77
263
29
401
955
858
726
605
658
971
250
179
484
583
551
141
900
572
317
227
267
416
70
690
641
805
561
172
939
967
960
848
37
487
5
724
487
817
547
366
705
688
900
86
28
688
943
676
223
36
486
962
440
755
883
657
339
489
727
21
21
818
329
526
754
526
673
638
525
939
30
749
361
80
434
886
892
495
797
305
544
903
980
302
36
445
382
655
561
969
668
99
239
455
287
35
445
421
645
948
22
559
799
460
10
446
505
847
653
462
98
759
222
809
804
961
752
175
214
542
932
982
397
890
928
403
883
482
738
889
303
315
538
595
729
132
778
371
465
555
756
960
89
61
381
252
538
205
192
652
758
57
284
103
963
123
422
939
344
389
911
518
283
790
916
300
747
258
198
512
73
249
817
60
942
292
181
231
128
516
906
398
342
350
497
31
31
361
36
15
277
675
312
283
87
942
814
36
58
114
885
209
664
617
611
367
988
574
929
94
954
386
714
222
854
352
357
284
358
986
616
697
203
441
686
301
529
928
124
270
757
630
652
591
626
384
657
548
601
46
783
929
971
45
982
337
665
576
93
490
519
802
352
301
677
557
971
164
129
10
304
993
324
60
268
444
237
131
860
994
123
806
851
387
902
514
847
838
138
996
107
463
25
662
866
362
736
3
660
423
670
226
776
234
889
921
387
719
306
205
852
265
428
334
221
931
486
563
415
601
126
35
457
155
572
860
633
946
449
569
27
936
263
412
68
755
990
966
128
44
61
727
570
274
651
250
722
193
725
545
929
803
908
593
802
387
241
83
679
986
337
774
729
560
252
720
9
866
425
454
946
436
788
478
786
483
759
769
45
272
961
690
237
253
796
877
4
163
256
214
478
329
708
52
287
960
725
751
594
153
170
895
327
696
501
413
365
373
625
79
343
886
480
196
733
20
453
740
298
511
561
790
968
895
693
323
51
692
775
247
90
673
350
793
798
707
915
656
755
640
838
952
432
391
111
9
691
381
826
293
254
966
758
249
853
117
992
852
844
677
423
246
590
764
85
903
267
55
277
903
516
607
91
42
749
367
158
101
978
673
930
392
726
433
500
678
850
649
854
735
968
886
531
664
723
311
130
385
45
36
364
181
313
30
138
613
723
428
409
207
716
834
21
721
332
970
73
388
190
39
512
386
741
648
285
972
741
211
969
98
293
774
329
89
289
638
205
243
170
565
78
223
137
433
431
427
66
476
226
215
151
535
403
383
151
977
864
329
124
250
213
465
919
995
714
500
611
87
467
114
382
127
639
74
164
419
963
520
824
175
540
170
412
542
871
190
316
164
318
367
231
874
383
255
364
461
370
606
423
182
360
480
925
748
387
604
612
222
83
530
508
277
162
409
4
866
190
476
640
922
391
569
711
834
152
89
205
959
529
177
407
114
389
683
140
180
100
174
839
189
872
554
188
950
32
35
521
881
734
640
739
402
949
248
734
92
121
847
695
236
41
270
265
463
249
91
866
840
266
66
959
966
939
125
86
212
381
356
702
489
840
755
967
880
536
534
159
555
469
59
62
587
720
451
779
574
349
570
449
420
667
114
375
72
307
569
187
327
974
396
873
491
903
789
704
172
585
539
619
826
670
603
272
525
151
952
807
164
985
356
73
413
150
683
335
367
649
294
566
254
133
709
10
128
267
981
64
253
738
526
979
28
971
334
376
609
526
503
287
827
110
944
930
650
274
130
128
381
350
125
70
275
836
915
232
324
785
536
998
437
486
105
152
488
509
332
390
968
917
18
669
528
885
903
947
801
429
7
382
477
997
650
11
549
260
913
246
236
486
40
494
162
701
920
959
632
638
327
779
239
37
542
890
595
873
182
21
149
84
973
365
40
246
754
933
987
428
864
548
208
129
902
612
169
102
314
900
837
190
126
848
356
409
905
676
266
219
503
241
740
811
993
75
931
312
43
79
966
889
360
42
970
110
483
661
113
254
285
717
440
319
374
317
131
930
478
658
905
146
695
298
460
935
529
255
373
971
244
946
182
857
493
847
289
437
323
18
803
872
606
54
957
945
232
215
817
812
469
141
391
828
109
340
489
19
391
645
371
625
184
804
2
38
408
36
816
98
178
407
497
389
458
782
622
368
634
582
71
560
329
695
364
378
410
681
136
58
842
813
152
225
322
544
483
327
56
2
794
318
951
785
164
149
106
205
513
794
898
648
812
670
638
702
964
734
43
718
43
996
913
668
95
34
185
236
751
442
787
959
699
950
189
480
908
735
859
624
494
363
235
840
631
832
225
1
841
890
916
92
776
559
680
429
329
587
78
748
19
130
856
42
919
248
213
548
84
691
317
371
436
69
203
797
213
665
519
507
133
987
555
895
367
6
812
909
280
790
469
552
536
605
960
764
968
271
213
585
594
826
268
715
119
93
982
645
478
363
183
401
180
878
63
187
308
27
595
886
82
301
51
321
316
850
825
802
760
572
159
640
138
950
626
689
971
163
66
560
568
2
594
883
262
226
911
750
562
665
301
607
589
683
10
796
790
752
78
506
493
461
663
423
937
29
530
911
239
365
354
876
90
269
135
60
263
872
390
603
63
284
463
914
238
201
271
217
431
899
851
850
123
541
757
509
668
806
132
340
740
146
925
444
354
607
937
289
802
70
285
396
496
328
911
394
558
692
151
959
758
195
304
83
575
659
112
279
949
4
949
166
120
147
331
425
569
820
615
218
916
971
65
201
440
593
899
154
485
975
166
137
960
128
852
325
58
289
598
139
223
148
153
872
678
774
11
182
591
563
589
351
366
920
235
382
227
591
211
948
549
682
153
77
286
545
7
161
90
722
977
511
800
25
648
384
723
285
857
291
466
972
299
998
276
159
49
143
386
510
95
73
939
732
126
873
172
696
557
507
459
441
520
675
99
417
892
219
817
56
312
728
356
687
182
348
559
711
576
495
381
953
697
808
651
172
563
76
676
577
702
240
59
818
220
846
283
782
939
255
306
402
979
80
528
154
151
646
308
473
484
585
784
250
878
100
909
238
77
876
940
176
7
273
621
184
810
328
959
454
690
63
418
476
511
51
548
405
807
291
471
528
277
493
724
932
65
364
856
335
996
544
896
694
101
906
350
399
265
436
989
769
221
72
287
402
578
874
208
749
486
703
642
483
482
149
502
812
440
10
88
949
485
718
655
253
779
131
462
622
963
6
937
764
189
42
721
316
695
655
658
69
949
482
833
613
209
144
749
155
884
487
548
600
956
656
913
495
427
422
10
300
219
11
419
383
2
95
983
169
480
464
60
851
227
326
898
130
267
744
87
629
912
826
488
949
115
572
175
14
827
621
343
142
821
832
985
489
125
183
100
12
570
610
205
686
139
327
886
258
602
856
619
639
157
746
356
269
307
356
210
940
650
538
247
62
334
902
771
576
52
64
615
967
229
223
321
916
17
301
921
835
789
281
267
786
758
306
304
335
451
718
565
515
125
532
677
209
255
751
331
421
648
34
454
567
176
611
288
172
300
36
166
883
186
62
549
531
14
107
906
934
327
610
917
113
951
424
500
861
78
118
205
542
442
941
58
524
962
843
215
44
438
689
118
691
585
903
702
213
494
71
606
987
773
458
89
545
43
361
474
411
721
71
61
24
294
874
241
941
325
475
153
891
275
89
494
821
533
689
106
430
394
242
46
912
160
382
747
499
619
678
951
673
953
140
298
476
3
632
418
940
255
140
995
859
150
851
794
955
338
508
34
360
679
914
981
1000
161
93
575
805
124
791
209
54
740
179
115
724
8
630
143
54
87
989
382
936
410
726
78
278
139
700
347
499
917
546
176
417
922
419
19
417
32
702
436
461
187
538
953
536
788
436
96
113
782
60
686
421
455
111
396
516
487
121
887
54
127
902
720
299
998
936
899
630
418
699
233
107
515
548
364
506
356
178
420
868
980
141
206
440
955
958
912
269
8
712
134
227
327
371
211
289
310
661
159
904
865
832
872
903
733
605
526
177
865
155
701
9
128
958
669
830
249
278
268
83
663
447
249
116
172
48
473
459
832
941
407
216
7
834
413
972
47
107
875
534
779
717
67
337
524
205
398
220
86
288
989
715
629
619
497
344
733
798
183
127
559
137
435
784
789
203
786
997
716
619
295
688
229
652
793
2
108
875
913
535
487
383
551
968
665
222
633
184
84
866
434
44
595
597
594
675
583
156
297
601
863
910
630
737
873
655
241
114
651
6
672
822
513
970
125
275
668
737
225
309
697
343
285
521
188
810
538
957
253
680
615
786
609
474
834
169
916
286
574
249
820
651
314
249
393
425
33
597
409
274
99
580
422
176
658
759
511
501
283
682
622
75
750
54
465
987
73
425
572
56
471
755
529
577
256
391
624
165
625
12
242
460
104
420
468
104
431
638
570
987
89
181
189
637
780
847
230
462
538
894
773
922
188
143
788
51
187
301
121
38
722
431
190
789
957
433
312
835
683
693
960
45
473
218
623
839
637
781
676
4
182
763
9
856
161
826
487
605
948
980
766
127
392
456
406
480
732
581
188
891
59
232
839
135
73
366
903
105
665
36
496
632
929
454
468
189
642
555
580
908
834
433
510
121
575
547
49
498
184
175
655
586
416
590
849
655
650
653
884
14
554
44
759
481
432
815
822
675
102
607
625
357
379
518
934
963
942
961
228
615
479
653
394
457
380
478
89
590
411
789
444
888
723
69
625
678
112
739
719
994
194
586
519
446
990
161
936
909
629
720
628
618
674
294
513
624
245
924
850
656
61
86
631
588
557
51
997
223
336
553
961
400
467
12
952
728
57
43
597
4
416
65
140
700
440
574
550
489
498
58
266
872
270
595
42
66
511
844
985
874
41
619
633
265
997
935
487
918
921
621
535
949
363
398
136
467
605
968
322
596
476
880
185
298
154
780
704
590
786
238
141
606
433
940
642
147
22
385
401
413
955
175
606
450
829
872
436
95
152
363
29
343
926
14
420
80
180
820
141
253
246
30
31
619
72
247
766
346
273
840
312
923
605
429
403
209
114
558
722
482
921
395
389
256
337
321
935
417
797
518
789
588
731
329
867
337
679
613
941
748
82
722
23
960
3
369
881
66
149
778
998
862
695
365
311
974
831
73
935
896
794
762
965
440
155
452
177
170
774
820
202
421
603
542
69
228
674
824
788
416
391
519
325
480
231
252
577
918
952
705
58
855
890
803
680
747
32
287
584
98
843
96
173
670
37
539
50
949
322
320
801
7
595
755
829
110
111
472
676
670
44
527
974
320
563
414
756
491
438
834
673
999
636
854
687
954
290
264
474
855
489
843
284
543
11
92
718
865
643
356
429
79
262
318
83
873
882
767
726
124
970
56
990
921
87
668
757
978
424
344
119
770
989
819
342
679
231
733
706
532
760
587
495
438
785
409
910
91
91
746
827
248
393
703
113
793
638
897
294
47
204
991
997
175
372
870
25
313
958
27
368
461
506
363
907
506
821
319
877
762
14
525
743
960
250
219
67
101
940
263
358
867
282
687
344
34
54
724
180
225
923
615
250
339
30
539
121
404
196
154
256
844
962
873
577
456
46
156
228
140
592
717
706
282
91
818
667
312
429
120
802
53
245
583
546
943
271
597
348
844
963
595
368
938
332
943
856
832
626
432
545
819
20
528
747
373
166
40
847
674
705
58
176
995
386
933
364
60
743
887
111
63
441
264
333
290
787
180
718
406
687
821
183
280
217
968
909
924
510
733
861
372
853
766
721
984
105
51
468
646
771
151
361
408
595
561
125
903
588
836
900
248
320
569
576
308
577
961
39
877
111
887
876
23
602
117
528
387
906
607
627
700
549
283
930
636
994
636
475
728
671
510
57
858
269
164
584
208
689
369
927
784
916
989
239
930
457
874
763
232
979
129
463
47
87
425
829
267
858
180
47
699
574
910
709
442
97
198
602
429
887
590
887
558
714
118
921
907
549
597
416
894
922
814
936
708
28
503
976
940
915
409
119
488
24
992
197
859
69
115
963
542
311
333
60
423
941
343
762
566
918
327
734
719
764
297
983
194
762
836
930
328
133
176
296
92
25
66
618
237
388
106
283
609
487
253
603
907
558
3
465
161
12
362
478
275
383
850
775
21
498
810
192
653
887
276
927
661
807
380
346
802
607
145
913
336
487
24
104
583
189
221
980
357
726
23
491
623
342
632
657
949
232
242
312
975
197
484
765
493
961
51
721
415
113
602
811
637
703
673
561
29
33
746
388
287
529
863
881
735
493
446
800
655
892
991
658
119
87
509
229
431
100
35
510
216
627
872
422
867
166
300
938
506
410
98
521
45
10
281
145
972
273
147
128
858
239
496
825
865
802
635
898
849
386
937
775
705
263
151
172
682
870
868
55
895
15
411
601
734
695
667
313
319
485
649
271
931
575
228
427
344
466
999
891
171
201
209
815
546
449
284
488
696
636
483
826
811
867
645
758
175
324
582
11
933
354
681
70
784
255
19
584
413
270
694
961
86
288
140
408
542
895
128
196
881
353
846
937
824
912
398
762
541
229
727
494
630
139
933
128
156
869
563
643
246
646
717
297
983
480
717
183
138
749
111
907
145
47
887
450
508
823
810
265
653
142
880
358
215
21
209
14
230
39
415
461
12
500
439
564
945
495
262
319
768
311
182
791
631
753
719
61
540
516
490
802
122
252
947
733
39
984
274
281
612
847
147
89
696
661
646
495
797
92
621
879
600
954
330
414
347
454
347
736
458
425
265
557
861
465
990
243
257
712
817
137
669
86
4
462
252
982
287
428
482
363
963
894
990
69
122
578
444
607
213
610
816
417
612
186
686
291
574
476
561
907
21
812
860
308
1
79
129
431
257
539
126
966
345
962
11
351
854
628
160
836
936
624
258
807
45
905
721
302
205
997
60
151
654
74
227
218
895
484
709
654
411
10
421
118
574
30
432
671
826
197
177
169
465
221
200
287
460
298
501
979
886
915
840
133
975
256
631
363
56
583
757
983
277
995
101
763
591
476
740
99
37
543
554
78
916
13
770
730
439
130
400
858
297
939
709
788
496
583
469
609
527
636
379
618
348
686
896
52
52
179
40
705
232
789
27
917
549
457
688
637
146
812
308
596
37
964
490
660
391
77
582
926
751
544
814
932
114
868
904
8
529
839
516
162
223
280
790
14
621
509
880
501
522
538
326
89
680
197
944
796
4
750
108
842
882
129
814
659
717
612
369
931
730
459
507
598
93
104
986
374
392
725
168
967
468
539
851
787
450
135
66
757
323
535
216
402
230
115
652
672
507
94
255
818
895
190
864
98
777
33
418
580
617
983
708
9
697
183
401
590
659
506
856
208
150
319
991
257
81
420
570
598
279
728
665
587
706
397
968
69
187
529
381
863
136
931
787
661
437
721
131
723
158
839
202
229
968
327
281
233
798
7
835
507
394
480
98
362
856
417
49
839
137
950
284
733
232
57
706
912
996
829
686
275
25
522
917
760
914
324
535
322
760
543
512
200
907
187
265
66
195
608
927
206
665
781
80
445
598
420
722
657
509
615
475
444
961
529
274
12
599
619
221
114
857
850
300
652
673
763
602
295
342
135
512
624
261
663
498
208
309
895
800
39
26
326
590
931
451
812
781
594
919
507
868
321
360
679
117
500
585
940
941
953
665
629
294
867
155
378
631
494
413
580
424
140
886
455
576
768
669
649
636
341
484
675
474
826
158
565
896
354
531
744
70
428
62
541
190
949
105
286
466
172
189
702
306
474
143
265
123
526
671
381
538
740
775
296
355
650
25
210
142
598
90
69
493
219
166
627
824
61
567
639
661
396
87
58
826
701
956
659
835
988
117
290
231
692
206
963
141
391
597
917
464
918
447
588
421
798
851
879
436
599
920
303
630
923
945
873
53
813
343
555
529
277
367
387
758
797
317
897
417
41
712
473
668
693
535
719
464
729
191
89
614
699
804
451
236
528
857
968
354
207
457
773
469
693
543
289
646
359
585
588
295
352
971
323
156
432
558
195
92
889
247
603
521
473
350
304
131
724
751
673
920
560
886
659
724
538
195
309
303
476
746
375
764
120
144
321
319
871
762
779
109
50
862
985
351
381
530
870
767
764
851
750
205
60
254
508
582
628
514
123
889
4
519
150
186
934
765
258
732
973
599
975
396
612
757
916
439
929
240
532
876
214
228
213
338
198
675
776
628
218
807
340
374
767
85
727
891
256
827
868
682
499
123
370
514
345
65
189
413
865
10
442
202
868
16
901
313
455
155
398
292
664
561
274
668
424
148
153
197
208
532
555
113
315
442
731
678
500
492
758
409
742
503
880
975
601
209
905
90
750
694
521
454
499
478
716
360
108
569
950
110
781
587
45
325
780
207
339
760
504
882
369
994
195
514
281
342
802
490
570
910
149
933
471
430
190
251
867
596
928
795
272
248
556
965
562
936
762
882
503
691
502
748
803
56
852
784
112
675
871
940
441
863
288
589
684
272
416
407
162
998
780
594
765
131
858
944
913
731
220
679
678
738
252
965
718
960
20
129
723
485
437
142
231
963
64
28
511
77
33
951
90
259
371
414
112
682
776
980
111
520
388
119
797
392
120
172
371
613
168
643
958
142
638
953
915
82
409
207
832
857
460
760
106
338
516
990
332
383
233
726
695
78
737
925
915
577
290
66
59
793
886
28
24
872
587
940
878
535
37
865
799
571
726
515
445
195
956
31
760
176
717
535
550
797
862
847
812
907
644
640
669
573
996
605
787
35
114
55
848
609
958
165
547
592
641
829
374
233
824
902
377
829
180
738
510
306
957
34
833
823
714
254
740
290
703
210
331
392
465
733
709
873
912
361
559
886
332
833
639
529
569
499
940
164
86
288
743
123
512
953
516
272
265
238
740
937
738
817
567
961
160
438
317
50
341
79
596
39
947
763
361
243
837
918
449
581
715
179
991
705
403
891
336
1000
398
952
461
451
218
967
332
147
409
808
359
759
248
324
327
348
680
741
807
614
716
844
11
662
24
59
931
121
70
58
449
888
50
519
360
600
398
988
471
202
530
553
909
975
544
160
401
5
892
692
313
511
247
661
213
877
813
995
519
212
592
715
17
382
935
572
7
354
680
184
453
828
160
25
524
115
474
252
27
903
951
58
409
346
843
213
792
441
412
510
726
251
655
860
195
772
435
956
912
195
286
231
567
705
884
121
14
416
756
441
94
555
547
97
212
482
684
508
779
228
285
835
287
635
390
364
82
659
310
707
489
916
831
225
531
313
799
623
800
906
27
751
175
954
836
295
815
29
929
40
554
935
963
104
243
335
103
265
411
170
84
719
704
478
176
571
352
767
212
631
640
959
251
21
524
225
337
99
336
343
907
792
310
782
96
222
802
827
807
239
812
274
731
104
256
975
210
396
724
161
39
485
8
192
304
334
611
259
499
647
976
872
912
873
961
249
731
766
776
772
743
989
844
844
388
748
846
271
349
573
810
759
21
753
65
24
714
994
238
612
434
514
150
184
599
623
271
626
266
660
588
258
253
606
752
253
996
835
639
227
45
625
823
601
665
416
22
878
702
321
340
319
344
481
245
889
90
821
648
753
458
905
815
247
553
312
406
924
55
571
697
536
686
520
698
830
257
894
374
559
598
355
516
468
586
129
203
939
528
863
132
450
293
656
566
331
136
297
857
886
62
668
121
779
410
396
1000
51
774
760
36
55
962
366
146
715
575
887
822
374
544
353
503
922
69
838
67
547
782
577
641
548
320
632
828
538
77
872
340
799
737
561
476
827
921
796
139
708
97
692
515
660
552
95
611
921
768
135
710
247
212
177
827
836
555
606
166
331
981
815
499
54
80
538
683
737
256
816
786
991
79
295
418
951
881
148
92
207
573
122
231
462
458
181
533
654
703
44
420
729
338
706
52
412
560
483
745
860
939
711
687
837
130
885
756
315
684
387
352
847
746
610
349
674
845
762
327
761
452
823
232
490
29
406
609
970
511
212
683
887
589
542
586
817
96
938
501
943
379
473
534
321
73
451
612
161
147
557
464
382
971
316
82
605
90
667
340
791
886
796
548
643
5
71
287
405
213
723
551
223
473
853
129
700
547
314
536
551
415
543
41
885
639
247
991
342
518
243
409
295
345
74
626
718
929
762
831
36
898
472
454
279
24
191
208
979
468
430
96
252
216
785
684
367
842
777
310
505
707
41
49
781
162
179
223
625
781
419
506
861
2
304
231
164
630
256
586
14
857
375
715
761
860
799
821
298
874
848
917
491
412
942
925
251
624
39
838
561
586
894
968
9
19
316
250
727
867
965
808
817
202
918
938
168
577
261
795
332
55
314
874
129
432
233
248
174
972
587
186
28
247
272
388
427
839
737
955
121
481
66
357
947
397
268
741
488
104
187
450
13
949
868
1
537
695
560
987
805
237
750
622
922
824
317
169
943
284
237
899
891
155
711
294
612
768
33
55
509
170
426
895
483
753
145
366
292
690
468
934
718
284
152
906
738
249
8
82
64
800
860
246
979
273
712
903
539
83
585
835
200
623
133
252
595
158
207
274
547
293
301
738
609
218
799
709
636
515
348
821
817
86
901
609
312
995
87
974
642
439
427
316
13
859
651
420
992
755
352
411
175
175
557
86
299
974
210
85
244
319
589
636
806
614
297
182
722
615
687
578
510
747
268
893
148
655
789
734
528
173
432
413
509
886
215
818
291
268
498
897
561
615
636
106
585
177
147
953
874
926
211
189
310
445
230
698
373
699
31
596
621
707
982
510
406
586
637
969
287
942
479
60
739
657
810
776
937
987
191
322
241
172
232
556
832
719
643
336
412
64
442
433
381
202
996
89
656
404
590
39
771
177
232
517
35
880
579
338
917
941
812
722
287
975
63
33
810
170
370
575
113
34
724
644
994
219
972
240
672
741
102
961
145
61
792
300
234
852
960
565
24
455
454
120
923
265
397
397
409
233
171
444
133
504
974
44
998
443
58
431
893
148
2
225
419
506
204
63
30
785
551
399
343
521
989
1
820
482
73
579
422
599
552
73
346
940
700
226
270
232
594
39
843
38
570
704
500
770
555
270
193
321
48
315
10
437
322
704
974
380
493
791
805
295
491
146
47
227
879
396
952
160
456
476
24
52
106
705
226
283
361
868
49
74
229
858
247
589
39
509
556
174
199
327
846
960
657
775
717
17
229
395
130
753
366
698
407
732
658
627
791
181
690
200
333
980
243
170
368
507
155
352
448
547
633
311
208
431
219
256
184
279
840
215
359
759
537
355
751
671
19
691
718
920
87
802
567
411
357
740
343
209
933
631
654
462
997
785
861
732
186
81
757
271
479
803
924
157
923
950
785
688
61
50
58
982
490
207
384
156
664
330
292
193
280
195
642
510
937
781
17
340
149
321
245
656
970
167
559
496
874
822
558
428
954
707
117
642
673
217
565
79
784
665
98
987
62
931
79
122
948
820
316
502
311
879
294
659
155
448
908
372
367
671
168
693
857
280
136
233
590
725
939
480
534
569
778
378
389
721
179
156
906
905
187
447
897
861
914
542
245
278
746
974
830
272
929
659
292
129
162
728
679
582
836
871
115
34
109
40
567
421
458
239
607
847
282
732
431
94
745
607
462
41
876
698
460
180
853
91
582
857
548
7
538
407
447
19
292
736
799
773
369
333
169
786
595
515
980
89
849
971
473
257
64
153
608
724
354
181
524
142
33
972
669
606
693
491
628
755
284
332
943
604
491
589
637
883
353
94
317
506
833
168
733
701
53
404
992
279
181
334
318
419
343
880
744
59
416
114
681
263
393
407
856
979
287
117
267
343
240
209
778
338
434
509
774
569
602
293
401
470
275
72
952
943
820
363
670
229
694
253
196
277
252
895
72
470
482
294
226
643
590
661
959
960
883
645
196
880
571
846
822
25
821
720
228
708
853
257
200
42
536
891
133
578
724
713
302
661
781
805
804
110
199
449
358
380
378
158
185
774
44
831
635
509
340
998
703
929
948
50
985
198
201
430
855
774
309
75
668
881
926
600
838
494
717
690
18
355
284
520
486
797
28
458
123
224
559
715
336
693
525
172
694
934
227
248
377
42
644
473
133
448
813
375
65
512
900
911
822
524
81
932
29
938
199
551
13
576
695
534
325
612
771
63
186
687
899
617
314
772
356
91
839
973
11
111
45
46
52
312
848
855
376
883
285
828
495
632
262
658
904
21
806
453
415
30
745
730
301
962
638
904
520
19
644
794
994
808
525
234
450
414
267
776
130
265
608
904
710
933
33
706
658
803
237
729
589
563
205
681
643
818
289
217
132
313
485
714
631
601
298
46
676
104
658
323
221
523
202
618
858
526
559
478
968
816
437
321
779
273
966
172
578
81
77
610
325
143
130
923
288
505
952
380
335
848
12
160
555
866
805
585
870
246
124
951
784
539
641
144
548
809
343
513
824
821
270
156
197
687
480
786
1
606
906
734
696
983
718
395
259
687
849
410
401
764
24
579
671
64
372
694
459
400
562
176
49
870
360
777
152
915
205
729
119
360
972
271
631
657
224
708
948
937
697
775
246
749
696
698
81
805
478
567
263
941
39
254
4
227
499
874
864
718
641
134
591
91
605
191
579
420
577
784
544
749
680
981
769
386
688
804
907
351
732
544
977
657
646
454
463
639
445
13
741
529
49
657
427
899
553
230
901
750
90
24
82
841
19
549
414
438
469
61
111
851
119
76
605
759
585
374
185
435
228
758
439
876
739
790
253
653
98
430
844
959
171
122
313
47
640
69
717
859
902
497
498
460
512
122
398
968
185
68
570
194
578
205
642
956
361
642
847
316
990
573
490
508
125
154
87
316
906
735
482
991
721
447
397
761
809
919
225
584
222
481
164
802
891
516
858
790
514
745
340
838
686
306
416
348
838
112
516
547
367
723
150
200
414
251
286
433
32
116
879
317
716
477
290
103
365
158
233
410
309
498
578
307
728
503
24
748
296
653
837
273
365
183
153
476
322
22
84
349
925
933
664
543
253
3
180
54
583
246
830
502
509
748
569
904
64
521
925
311
865
300
661
643
747
195
945
796
465
725
402
836
619
584
217
444
425
217
15
772
529
50
309
133
451
624
379
466
336
842
749
855
332
710
15
751
220
7054
