7533
70
782
602
657
380
769
126
916
713
915
781
769
89
291
846
417
386
858
793
448
823
379
451
345
815
924
19
446
618
57
374
442
389
790
175
274
48
895
462
113
847
685
812
957
723
132
943
364
877
861
208
596
477
722
930
940
154
347
399
606
372
257
132
622
402
54
728
326
137
29
950
401
371
371
84
795
534
647
678
658
533
669
375
932
707
269
722
93
864
49
870
379
530
652
412
136
996
995
83
636
366
621
90
722
740
768
434
639
763
296
718
794
880
83
340
107
720
543
796
399
74
648
415
868
560
564
685
197
313
787
203
245
613
657
287
178
404
932
698
322
204
771
897
881
501
292
256
924
640
801
92
702
996
319
72
777
638
310
190
165
834
293
351
51
726
692
125
950
882
490
320
516
130
213
32
183
798
468
823
814
728
179
603
958
615
239
398
688
769
50
575
110
52
539
862
99
380
427
254
62
48
583
466
754
214
536
209
740
454
360
633
395
96
727
313
589
350
819
743
89
865
180
585
511
100
628
806
77
170
108
603
376
285
100
816
118
624
243
717
851
677
185
347
24
448
264
833
24
131
697
61
873
617
529
4
39
171
128
812
32
590
836
122
773
15
997
26
775
419
612
464
381
540
307
857
237
312
609
235
788
945
831
814
842
20
578
620
576
822
164
236
984
835
17
143
31
124
984
847
428
661
453
215
773
222
244
163
85
905
705
257
232
363
919
752
898
372
598
732
580
772
124
531
437
754
68
50
51
601
485
434
778
484
95
709
17
335
396
239
957
223
368
348
875
418
344
341
371
944
506
676
300
636
654
587
891
244
846
804
140
515
427
27
60
464
589
129
156
182
577
85
205
588
363
271
683
25
120
248
605
796
127
68
363
189
234
195
874
443
115
623
338
79
949
965
497
645
935
682
227
944
601
262
302
635
116
956
964
751
240
559
113
990
60
702
641
835
20
273
652
516
174
911
516
836
879
586
778
366
688
537
852
24
660
111
923
830
130
382
20
656
323
911
144
895
44
966
63
753
31
747
474
304
793
256
376
659
319
245
318
496
735
946
283
547
740
164
801
340
756
818
556
405
340
649
638
428
186
387
41
614
480
79
34
88
609
878
211
1
344
854
741
373
15
133
519
58
103
214
439
254
788
755
556
197
174
793
113
919
550
673
924
234
935
816
468
656
411
842
687
597
516
999
462
56
504
356
212
1000
804
600
26
151
875
403
322
697
595
246
698
241
509
542
35
966
768
41
12
207
774
792
769
110
708
855
495
387
217
36
883
518
922
434
109
534
35
320
625
826
138
208
748
503
94
125
216
216
848
221
698
741
1
264
841
406
956
716
573
169
912
965
152
620
134
845
628
898
440
602
651
717
23
507
996
207
308
710
274
504
697
165
203
130
483
288
876
657
286
714
329
710
720
829
856
820
726
446
817
165
899
682
138
9
24
689
401
641
545
545
723
59
699
300
256
30
171
345
799
397
160
690
833
849
123
909
876
684
278
549
521
739
81
587
840
874
155
306
613
548
187
786
307
227
233
824
446
27
357
585
866
838
234
735
221
950
471
770
991
322
785
371
612
560
433
678
522
472
360
772
88
175
846
322
606
790
474
813
365
353
948
276
793
413
280
915
790
720
827
682
861
342
836
336
395
616
868
730
459
550
845
663
56
559
452
721
137
813
638
646
670
316
438
234
199
844
285
723
997
297
314
499
731
462
182
792
611
628
427
430
567
994
158
145
604
741
971
213
418
710
303
140
215
573
661
1000
458
60
653
780
657
578
204
787
680
977
647
613
695
646
401
504
877
896
807
853
431
182
922
482
774
955
511
191
42
258
891
652
248
713
720
785
934
895
796
398
139
325
78
355
378
221
191
113
755
925
134
704
927
859
123
973
5
369
932
777
668
259
308
77
28
372
531
280
776
903
799
194
818
27
311
527
904
37
329
491
554
793
247
172
649
8
353
184
971
714
27
852
837
420
235
615
529
488
943
761
415
514
357
770
622
844
583
129
385
372
540
731
71
302
689
885
120
218
850
730
429
837
769
174
99
215
389
477
847
710
182
296
718
749
933
302
190
317
263
183
402
798
899
442
407
2
668
920
713
818
395
221
710
559
657
497
529
752
639
50
281
507
743
819
336
607
522
386
73
120
629
676
719
507
507
296
444
8
701
728
593
462
720
225
534
827
461
398
777
583
71
966
204
194
199
808
815
351
42
878
37
654
197
803
698
214
489
176
662
942
783
852
551
230
813
678
139
666
101
819
6
169
876
910
610
722
529
635
53
11
765
99
380
376
549
284
94
752
101
573
153
397
792
128
493
149
14
504
673
483
824
296
17
624
302
120
106
104
7
466
337
203
543
267
980
532
913
470
159
296
669
700
188
429
375
647
448
510
20
743
3
951
372
284
395
699
646
742
531
970
256
485
183
604
135
167
808
74
344
400
27
107
885
497
14
307
338
170
96
638
604
699
257
311
944
401
397
348
11
227
494
868
77
301
884
359
660
567
645
152
942
749
888
795
678
870
532
993
806
715
89
89
162
544
612
861
345
487
272
404
282
943
202
371
183
801
107
985
714
245
429
405
56
651
821
559
332
773
354
960
960
499
541
1000
359
971
912
272
25
958
320
764
556
535
501
721
918
987
689
889
738
669
675
837
849
547
746
282
360
786
938
624
801
151
871
615
648
162
412
365
738
569
126
675
942
755
866
478
657
847
678
28
311
473
734
650
411
167
835
868
1
899
610
46
567
10
694
951
211
414
38
708
362
553
935
201
122
366
495
406
698
717
875
352
86
420
731
706
941
712
138
372
728
140
995
754
475
692
144
981
884
189
238
979
317
736
387
24
928
605
722
48
956
710
573
283
314
21
542
407
7
799
142
633
349
861
351
201
575
730
550
950
976
611
99
822
445
808
696
224
304
344
390
347
243
913
311
306
355
922
206
542
315
961
626
735
794
229
269
30
176
839
486
474
772
923
800
155
923
995
350
840
172
52
246
72
18
34
502
920
865
986
814
566
751
780
216
168
588
332
400
223
170
17
841
415
10
255
148
582
592
642
366
129
625
930
240
585
275
52
445
784
133
943
458
489
371
46
630
306
403
543
294
125
714
139
973
524
372
624
521
443
228
162
834
606
686
363
106
24
208
254
323
284
296
276
722
252
934
38
253
983
216
547
3
216
920
457
130
88
217
800
308
576
527
677
260
548
781
244
521
606
675
795
343
239
606
238
494
512
689
383
953
514
219
401
125
762
134
410
361
163
489
866
360
242
473
903
287
608
121
260
954
909
961
836
185
887
250
932
642
744
2
682
842
85
909
307
226
186
561
361
509
526
535
203
448
250
863
40
454
544
967
795
81
354
273
788
126
401
730
793
959
440
767
986
21
21
864
153
514
390
1000
940
557
152
790
466
244
128
197
886
217
53
762
383
194
652
766
41
474
509
834
773
276
367
757
464
376
155
560
789
573
387
209
738
695
135
248
366
895
992
677
408
696
948
638
880
28
74
746
919
839
528
204
871
493
383
342
110
584
90
718
756
899
847
864
186
633
514
236
848
663
649
667
170
943
759
265
152
930
967
152
370
113
457
465
454
679
580
825
484
236
645
786
305
560
265
896
77
731
272
174
403
285
968
508
13
111
583
578
209
316
836
952
817
351
570
217
80
287
629
882
987
1
651
203
592
853
473
652
181
420
462
359
133
876
971
406
738
786
786
761
844
267
617
50
731
315
67
886
902
674
585
909
392
576
415
881
401
312
685
379
941
850
786
856
90
380
412
54
834
215
835
229
265
557
739
670
957
723
852
835
761
468
198
608
513
98
136
428
206
287
647
797
953
910
827
976
519
136
982
665
469
179
599
650
888
873
170
821
394
538
369
737
972
917
869
883
855
250
661
145
686
564
492
528
478
440
112
148
552
520
13
489
768
109
191
793
214
469
814
974
174
490
505
131
656
365
387
888
871
417
119
293
322
853
169
777
21
268
185
769
619
306
980
384
438
333
116
330
946
5
282
895
762
30
83
528
610
432
94
161
991
302
40
954
631
321
318
333
47
829
486
546
116
211
368
936
560
303
39
707
828
814
314
802
806
955
676
392
101
799
940
39
836
71
128
827
566
148
849
942
491
305
926
703
864
278
737
692
43
170
463
231
457
391
578
79
200
722
118
215
930
841
879
718
85
971
542
998
199
87
54
284
105
18
220
514
819
173
878
17
958
105
674
139
510
624
399
451
277
382
562
458
319
321
393
892
173
727
394
294
867
235
649
52
481
134
343
186
7
215
862
988
960
577
906
715
730
311
285
465
239
304
863
109
817
453
386
967
871
332
27
282
401
877
760
242
406
741
233
632
371
708
652
856
581
923
807
614
576
799
525
678
259
896
129
717
627
658
436
910
887
340
309
430
1
156
967
858
17
428
577
135
885
260
672
291
845
337
378
982
883
603
984
598
653
33
501
892
890
810
321
588
731
982
755
968
159
497
612
423
652
459
614
226
591
254
235
840
73
251
24
277
379
591
476
107
217
177
755
237
439
914
709
270
858
674
28
603
215
860
838
810
404
562
270
89
98
428
405
449
152
999
562
920
357
119
641
34
387
953
521
287
736
993
257
520
556
887
774
10
11
506
804
812
482
940
541
313
683
953
474
532
245
977
356
857
667
304
138
929
985
988
582
185
275
489
104
538
23
33
933
187
964
358
764
312
263
541
455
687
612
917
908
964
998
611
714
549
415
97
10
870
447
233
583
911
889
785
680
748
657
232
233
848
970
311
561
10
379
754
16
391
708
530
575
450
904
895
954
508
66
332
441
973
949
60
167
718
871
277
75
504
164
457
24
405
745
965
417
971
696
793
388
173
872
667
919
840
196
474
203
761
646
6
455
271
11
475
658
367
281
66
680
170
576
727
709
360
664
290
315
45
770
722
593
593
669
682
840
469
360
66
42
122
874
608
551
385
389
573
554
594
415
155
745
183
609
493
846
787
303
945
671
405
65
740
132
17
657
634
267
538
190
121
927
61
377
662
327
369
716
811
958
211
774
478
45
827
650
281
972
837
249
470
469
362
327
117
51
411
932
309
187
179
173
861
646
726
806
382
965
15
463
256
965
518
664
513
928
841
857
27
215
810
676
595
713
490
98
710
937
223
908
55
816
674
329
707
786
737
721
200
323
910
286
277
881
71
345
5
892
641
907
503
651
615
112
723
225
244
914
865
188
282
690
711
342
290
187
780
893
488
530
661
367
524
819
361
279
791
613
272
581
337
92
390
790
125
501
490
174
558
884
670
283
337
850
637
935
882
261
385
730
801
484
183
979
733
671
265
213
36
949
130
452
767
735
911
531
817
271
327
583
309
704
744
857
841
677
213
65
834
855
794
381
959
767
161
513
792
154
478
829
721
464
351
549
398
46
793
550
546
335
740
210
402
742
657
373
40
406
776
996
874
662
676
166
668
736
529
929
631
221
612
812
438
626
168
245
992
755
700
985
566
718
687
895
797
651
998
515
111
217
549
963
833
825
214
215
231
54
751
228
386
52
554
770
323
49
347
537
425
838
988
205
543
165
137
440
70
440
828
973
680
384
910
136
583
701
897
466
602
996
997
510
405
414
809
218
360
99
224
298
405
381
421
233
145
742
56
718
392
510
548
807
91
660
217
935
592
432
707
455
207
571
137
363
688
835
643
942
680
722
797
721
788
436
440
685
767
845
19
495
715
293
393
315
965
542
233
536
877
174
840
848
147
980
31
909
15
977
200
18
714
870
68
734
263
177
523
168
880
729
715
639
974
639
976
987
637
157
779
383
562
955
840
44
954
125
839
172
918
140
617
865
291
755
431
747
219
35
950
930
64
90
8
373
550
556
577
422
756
954
244
667
92
540
39
245
877
571
983
851
206
552
842
802
742
17
49
42
793
690
890
729
508
884
171
197
785
641
187
578
973
808
587
961
352
157
558
302
149
684
894
601
480
59
941
884
200
272
786
502
459
556
11
811
134
912
250
301
652
842
785
482
797
607
825
170
847
128
490
136
109
843
860
153
963
132
958
450
561
279
258
864
511
182
733
584
872
857
817
636
288
82
704
731
240
372
337
266
679
270
57
102
135
948
802
405
609
879
252
877
971
113
467
136
94
350
928
577
886
756
811
787
833
307
840
370
717
430
951
784
392
147
471
872
795
25
495
926
499
464
248
632
624
641
449
932
935
927
603
875
93
604
804
603
975
268
791
774
630
781
412
525
495
22
27
591
4
141
420
433
643
275
697
304
594
107
29
290
146
864
26
589
276
992
411
242
470
434
649
386
184
172
516
662
370
628
3
173
747
830
421
460
497
102
707
896
238
150
298
906
488
902
638
142
651
326
67
216
304
621
939
11
298
313
682
125
178
666
517
640
29
248
592
857
895
640
163
335
236
156
388
323
745
399
239
797
773
359
691
610
310
920
203
75
485
442
521
788
160
839
883
654
932
136
963
143
440
515
714
675
947
511
118
779
505
797
345
512
472
858
220
986
762
203
900
512
508
136
226
587
945
321
14
996
858
90
68
507
808
882
32
242
684
843
101
13
476
504
605
382
713
717
27
282
11
408
22
595
98
37
970
364
79
692
234
645
433
409
364
262
360
243
839
603
200
580
376
578
563
623
440
285
514
670
366
262
202
954
929
562
810
441
366
138
947
687
658
916
790
961
440
429
725
210
116
118
599
949
34
115
535
474
456
599
548
282
646
24
236
493
722
834
650
638
676
6
696
875
921
610
826
35
629
228
475
753
689
727
947
229
89
694
130
386
281
101
773
245
338
904
513
280
817
327
995
358
191
399
243
935
353
874
925
961
699
635
500
851
131
265
201
305
679
893
329
915
967
573
340
929
257
272
312
659
448
17
829
906
828
829
292
435
791
121
285
989
792
448
731
948
443
680
19
133
888
400
458
531
75
347
534
364
253
938
984
459
451
237
927
104
902
567
925
441
958
953
961
30
796
933
485
8
727
790
198
314
325
603
113
575
613
588
733
950
748
172
347
885
16
762
22
911
25
970
778
652
868
719
269
924
478
58
430
958
253
434
89
880
631
386
490
450
417
699
452
8
830
627
447
540
871
812
481
678
429
497
700
568
440
863
546
113
541
818
10
747
352
873
461
704
998
901
429
761
443
39
581
962
40
909
659
722
64
837
393
240
262
991
205
77
135
785
568
576
890
884
624
446
762
161
687
219
645
427
330
177
699
661
52
237
640
434
282
375
294
749
162
289
609
267
873
391
349
282
409
911
523
603
268
362
552
566
309
568
89
718
115
562
555
441
163
485
649
329
8
163
568
36
849
746
162
996
569
180
226
27
205
442
347
967
142
335
925
519
299
120
67
289
719
87
546
242
113
725
142
326
814
97
509
714
624
594
801
412
64
403
309
543
172
458
479
512
411
292
73
378
120
595
864
206
98
918
35
162
829
638
141
12
484
985
115
986
600
615
922
487
338
262
722
190
680
823
388
547
664
899
920
931
187
980
447
664
524
436
750
875
892
294
310
997
435
101
472
984
137
655
717
769
438
103
64
139
465
744
557
751
864
514
362
422
849
318
385
976
201
917
517
861
719
900
71
978
216
538
812
421
999
628
45
758
215
887
790
967
371
690
867
469
193
153
505
945
200
172
466
898
339
795
631
983
685
579
643
21
768
641
647
268
295
660
377
659
968
656
211
418
953
726
292
702
682
915
829
345
282
515
146
877
581
877
76
763
931
867
42
118
173
333
464
164
650
78
663
76
632
921
213
576
806
89
279
645
422
152
235
299
518
364
915
845
441
481
874
709
91
346
438
45
254
940
179
870
310
572
533
872
307
857
275
694
529
202
253
519
254
162
635
848
178
78
92
420
113
954
588
145
818
607
506
118
909
172
161
91
15
849
85
563
708
210
652
478
463
140
519
244
580
416
383
105
476
246
901
768
139
739
638
918
133
872
905
225
554
355
187
143
227
42
694
366
205
447
361
849
287
672
849
411
147
93
537
510
994
525
489
627
750
670
4
6
270
311
507
788
617
162
839
272
250
282
887
702
890
378
583
14
314
668
39
683
930
161
693
461
962
717
354
888
945
998
217
913
714
358
387
209
726
201
962
419
502
546
277
872
572
136
868
220
703
631
505
358
868
333
420
42
271
2
924
417
488
7
56
384
829
430
100
839
675
429
837
158
671
507
751
888
126
974
686
240
545
132
120
917
876
420
738
6
214
784
18
113
14
287
148
75
770
960
677
711
5
467
40
170
507
145
865
900
547
979
423
188
540
390
790
378
618
630
446
515
72
469
947
979
414
971
473
115
604
812
810
198
572
494
614
778
541
87
367
16
910
383
85
692
541
893
897
108
317
270
947
130
598
480
171
46
859
323
782
451
484
640
71
57
157
570
235
525
278
347
433
94
162
494
854
334
128
578
332
133
492
661
311
884
713
867
58
969
346
16
2
600
958
843
86
474
626
783
190
818
703
700
305
345
241
276
54
532
970
64
488
674
843
135
81
967
508
775
571
414
866
318
462
441
586
454
698
905
731
640
557
868
373
953
885
864
368
555
25
954
732
554
115
264
135
818
560
348
378
700
390
857
327
55
860
767
35
112
289
655
286
83
444
224
976
830
986
433
796
616
964
647
421
662
789
170
245
362
6
653
796
12
662
361
641
506
370
880
949
498
664
122
358
540
266
183
209
810
785
642
574
105
308
723
511
788
250
34
924
763
763
316
620
740
314
465
616
201
134
486
626
843
361
456
104
829
638
310
928
741
814
496
988
605
148
109
317
771
341
61
954
854
549
725
817
944
513
655
722
266
611
744
141
184
571
522
718
598
699
116
844
450
571
956
962
933
557
195
381
666
599
29
587
217
941
480
780
309
215
913
187
23
626
527
229
730
500
880
388
253
267
115
76
380
575
192
711
571
407
116
703
494
875
761
173
411
782
251
565
228
143
843
517
641
20
537
980
470
32
776
803
169
727
818
17
790
368
501
352
314
861
278
925
16
517
647
32
392
175
81
227
511
536
995
325
366
244
502
44
241
160
159
95
167
507
428
964
147
550
268
720
312
478
740
581
476
794
644
925
460
809
551
230
859
193
244
329
472
74
778
348
116
962
341
73
43
234
987
926
646
597
359
35
721
142
796
389
736
63
687
919
773
756
734
402
469
524
814
230
777
973
739
457
631
614
108
390
4
252
936
514
459
293
929
766
310
656
643
867
882
259
279
20
238
766
334
98
336
969
131
779
139
84
182
963
288
707
439
525
324
184
479
154
357
789
91
315
246
374
794
267
898
1000
394
500
488
228
513
714
221
117
495
892
982
941
963
802
247
938
525
503
540
699
877
645
226
380
485
506
107
426
827
691
442
879
109
896
573
326
902
963
170
150
778
488
685
403
461
387
604
373
889
751
698
675
600
635
285
890
29
951
212
388
861
821
540
621
94
287
419
478
704
361
445
133
791
14
500
962
154
7
624
785
807
596
462
388
291
851
966
121
538
448
394
125
392
854
94
758
636
388
429
624
465
463
65
142
195
289
926
63
302
955
15
662
208
987
288
947
176
884
423
598
469
575
264
532
165
792
33
498
656
362
812
702
841
876
287
540
412
441
530
741
265
778
168
83
21
58
170
617
864
688
495
618
836
793
715
888
499
175
86
721
110
666
666
296
770
440
330
633
349
357
532
920
445
237
49
207
155
579
234
478
239
767
683
504
864
717
515
649
57
540
429
506
267
213
426
149
142
26
579
836
544
955
323
183
871
283
930
889
109
283
858
236
857
61
873
44
694
611
404
175
105
403
557
437
383
191
450
325
46
56
498
480
34
434
635
642
317
647
451
272
972
666
596
799
85
404
941
614
169
856
859
515
834
850
486
363
186
665
452
527
793
142
763
675
653
350
278
917
658
436
272
830
544
868
700
455
880
332
754
374
133
882
150
497
278
544
929
483
810
86
908
388
44
667
932
440
838
483
185
195
603
952
744
707
688
439
470
964
633
544
46
406
235
864
385
685
573
270
547
741
402
536
365
826
767
844
853
889
269
793
535
97
262
818
562
553
166
703
579
210
358
437
41
911
986
858
951
688
275
688
973
681
987
545
730
534
954
621
715
637
406
878
736
11
350
151
102
825
232
169
481
143
654
378
582
792
981
699
279
99
82
695
507
575
192
900
37
335
614
172
114
48
145
122
835
606
285
454
669
561
665
165
659
144
43
564
758
909
314
746
41
289
603
71
905
969
751
848
14
422
300
36
598
641
486
828
870
362
946
192
553
985
975
770
535
183
308
734
214
225
930
5
906
576
552
626
871
523
262
597
648
185
42
737
455
306
218
747
930
758
534
282
301
869
829
240
375
404
432
975
706
910
719
343
506
511
527
347
730
63
638
651
232
642
227
924
364
216
420
109
127
975
779
378
220
117
589
78
234
378
913
876
42
602
673
135
910
546
723
479
921
930
100
584
370
789
716
514
339
575
554
81
552
359
315
741
511
72
308
32
56
182
859
225
989
91
48
28
47
237
3
534
864
123
235
972
338
908
740
236
684
740
269
547
168
370
467
674
642
601
714
553
665
191
204
497
333
352
885
443
115
739
823
123
720
793
363
981
888
381
659
377
845
228
281
212
458
732
69
504
355
442
951
482
806
715
463
261
285
612
138
695
813
168
495
861
620
644
56
631
35
375
957
718
178
326
570
500
549
67
314
300
263
869
564
353
902
414
572
339
82
490
298
457
98
693
701
742
838
958
49
5
228
126
822
708
138
558
845
715
397
183
410
943
339
104
382
772
391
382
274
636
450
266
461
887
901
1
262
959
88
227
292
223
284
920
289
174
559
634
19
289
791
16
826
499
187
492
345
595
720
596
533
301
27
826
195
737
815
429
357
852
769
419
66
638
511
123
343
490
888
626
705
830
521
380
999
397
528
959
745
894
819
184
899
435
828
100
306
586
752
678
460
466
711
805
204
434
47
2
337
544
816
2
146
167
373
197
631
41
261
128
975
837
716
500
709
321
157
944
1000
846
807
968
356
552
907
949
156
579
812
953
785
97
175
200
884
399
938
898
348
320
702
307
533
858
245
155
675
876
340
234
521
311
42
436
738
296
488
687
141
135
606
481
327
950
98
182
64
188
494
767
705
124
374
206
774
966
349
352
953
705
338
525
973
208
156
185
305
805
980
682
842
925
736
253
208
459
366
950
191
726
938
573
541
569
938
712
542
677
785
44
766
294
391
971
797
577
506
576
631
458
879
511
539
871
593
990
896
832
324
673
506
722
245
416
548
183
235
342
579
426
117
37
531
39
534
937
81
262
498
307
503
78
372
308
997
291
942
733
26
825
234
683
419
272
813
550
189
78
104
264
183
653
75
46
630
852
575
877
28
322
898
803
844
923
589
327
751
125
506
676
797
538
822
151
795
807
344
233
999
811
337
396
730
623
20
710
449
900
622
279
775
155
154
954
811
487
640
537
244
987
79
611
416
486
621
922
245
906
815
477
624
451
652
60
437
491
443
55
277
406
651
337
313
313
243
129
131
879
977
760
473
1
784
574
338
374
448
193
694
862
28
175
289
100
495
651
762
231
736
24
79
721
125
211
716
919
694
586
395
377
56
884
357
207
695
893
333
711
161
4
303
987
604
331
840
124
710
191
616
396
459
423
432
990
631
99
815
623
790
456
271
386
871
656
667
116
21
689
410
965
255
539
856
181
564
505
641
940
565
884
159
270
627
175
649
41
716
103
91
41
403
580
974
254
715
486
669
703
616
786
297
16
796
654
143
452
234
74
657
871
785
711
969
992
525
901
276
185
896
859
866
902
103
34
755
779
789
1
159
312
957
688
625
56
714
808
414
342
297
977
274
810
329
299
801
176
538
714
899
680
403
365
462
818
792
393
496
766
675
704
972
642
960
45
602
70
402
762
259
689
256
193
390
156
822
905
459
317
254
207
549
82
42
954
718
557
631
527
35
549
101
747
156
532
194
877
404
72
993
851
98
898
901
900
850
843
669
273
7
760
886
365
609
443
744
976
611
566
423
952
395
512
718
743
664
135
42
151
994
647
129
215
484
151
886
951
646
24
222
711
227
745
995
597
247
810
65
498
800
215
865
378
535
596
654
637
518
429
118
101
79
193
303
419
675
162
445
842
959
704
169
853
445
594
124
507
170
861
913
645
196
681
392
454
80
470
605
241
748
842
619
346
580
572
830
814
507
712
506
974
396
888
959
63
59
15
612
278
284
527
95
202
882
194
827
592
164
419
768
771
622
818
235
420
644
426
131
370
700
768
378
788
915
426
868
590
95
483
192
553
12
930
253
698
756
962
665
343
279
695
392
236
642
124
969
892
420
999
658
803
330
59
829
309
106
453
718
121
18
376
548
782
379
155
172
784
160
229
982
848
836
60
610
112
509
321
339
933
831
537
456
947
329
413
845
983
953
588
17
114
623
829
633
411
739
842
691
852
827
932
423
507
80
55
992
974
95
279
238
193
252
607
75
827
923
810
380
470
216
557
474
463
835
814
472
450
949
343
341
973
651
183
617
226
463
287
260
465
405
333
441
310
565
740
269
317
161
974
823
325
391
340
853
340
297
731
790
380
164
335
767
657
125
2
759
660
215
627
853
296
569
891
899
226
63
332
471
629
392
930
951
243
718
202
553
781
531
604
839
847
920
521
840
854
500
919
12
145
982
543
25
58
86
997
106
84
5
251
172
771
691
646
60
982
743
926
717
358
846
242
516
932
142
202
371
881
606
304
240
649
875
163
620
589
30
200
285
245
40
311
240
957
162
326
594
152
97
998
685
203
396
651
368
219
340
308
513
367
940
78
891
207
314
772
258
488
564
234
575
719
668
590
582
582
41
104
840
386
796
76
42
213
463
378
274
227
885
950
431
621
476
200
284
936
495
710
136
894
357
881
149
855
637
587
244
148
985
478
250
699
766
258
577
436
212
914
593
499
574
95
142
656
998
485
249
859
828
287
621
450
900
993
372
55
389
276
456
14
305
68
182
281
98
465
328
34
65
638
870
470
760
212
891
164
663
159
512
138
582
910
117
346
758
561
252
270
516
588
465
813
180
820
437
293
279
540
293
844
904
66
148
875
283
732
200
172
346
668
476
997
912
377
9
9
486
256
560
795
590
854
33
956
298
874
203
15
93
459
861
381
537
862
716
47
38
89
946
561
231
527
928
487
807
692
371
748
151
238
91
656
651
336
534
715
36
154
211
376
497
625
195
978
870
756
364
24
742
29
439
7
138
356
517
745
986
840
978
10
763
762
520
812
908
553
355
940
600
982
894
458
386
243
275
60
495
349
782
333
558
376
266
678
732
598
421
314
321
495
98
802
716
998
591
568
592
230
221
747
993
491
625
748
54
776
662
17
347
202
259
481
972
136
338
507
334
405
772
409
929
852
824
421
464
756
700
353
81
164
589
424
615
588
584
493
520
673
307
498
732
941
334
108
505
870
619
874
192
370
554
567
459
762
811
400
864
599
882
725
399
319
841
31
648
809
742
120
833
582
206
895
574
322
895
496
674
426
930
954
62
233
252
986
215
948
440
767
59
337
167
270
90
691
248
665
463
739
622
877
305
903
83
468
139
328
140
159
364
738
872
379
251
944
674
707
270
866
975
392
429
798
679
194
601
282
460
334
986
373
936
792
327
60
102
996
89
165
625
521
17
935
76
330
740
37
899
825
92
307
898
738
139
43
890
13
318
758
719
281
386
308
88
194
616
625
45
353
196
427
267
356
940
451
569
712
200
719
907
433
302
743
501
173
602
832
448
845
409
345
639
434
183
67
465
318
632
585
836
789
636
815
589
428
437
534
932
497
450
478
75
398
944
134
570
123
181
172
916
213
565
610
318
893
670
937
410
444
550
565
274
579
564
317
753
949
81
410
84
735
955
652
897
288
176
146
774
97
711
752
887
41
380
34
10
16
44
543
326
4
795
544
353
551
581
786
648
188
321
868
169
723
391
692
400
351
871
566
12
899
242
703
945
927
285
529
24
292
317
152
708
951
938
282
843
580
313
995
154
550
980
903
150
196
647
686
306
835
278
842
171
291
518
882
217
162
913
681
303
546
551
514
750
339
568
772
774
522
799
201
183
620
59
710
498
466
809
807
690
166
361
522
365
305
646
693
792
283
972
181
738
863
301
74
408
698
998
944
992
288
589
880
398
772
39
898
315
499
925
973
554
170
168
436
529
896
914
132
275
70
312
33
759
263
313
918
249
948
467
660
39
877
203
153
146
540
528
333
313
274
20
856
354
691
350
936
699
546
357
555
720
664
877
598
300
343
161
976
161
78
440
556
111
864
625
654
208
216
761
907
749
832
657
18
29
232
494
102
215
604
961
170
824
679
247
376
583
93
651
680
789
925
794
341
830
50
800
650
332
237
248
869
405
248
37
869
110
379
602
467
496
640
584
666
938
359
780
612
556
731
148
416
92
137
158
857
706
352
480
896
201
687
255
702
799
532
883
334
549
775
305
837
308
952
415
68
959
864
523
950
187
807
675
791
857
491
489
267
606
775
239
817
396
909
63
309
461
474
871
376
563
521
945
17
798
378
257
769
787
245
464
960
678
937
305
797
82
172
131
719
598
637
506
657
307
830
282
267
759
745
833
887
595
690
251
384
856
311
14
566
899
471
271
88
692
621
863
994
850
122
445
367
357
608
902
674
692
15
99
558
309
480
139
422
77
19
890
424
51
378
208
808
182
317
798
505
264
625
1000
792
791
258
657
847
278
102
515
34
575
196
925
437
414
672
914
769
990
95
539
283
27
396
901
931
66
452
876
526
575
961
743
746
943
131
243
542
680
171
253
316
250
386
370
356
350
122
1
251
675
304
116
292
905
13
609
143
311
392
469
643
206
624
513
982
846
85
394
730
516
325
274
253
178
29
134
426
490
69
703
763
112
960
929
253
746
107
310
528
128
659
930
47
922
440
353
929
278
612
210
662
865
640
844
211
631
62
217
973
847
871
399
844
997
555
340
158
143
525
620
397
125
511
445
702
919
950
514
419
518
814
681
65
687
174
702
709
432
865
509
24
874
972
475
223
515
883
528
972
846
833
233
805
559
655
715
514
19
818
412
197
718
445
87
762
52
776
140
920
386
75
316
974
894
784
985
683
562
475
41
530
449
863
353
973
748
50
65
978
803
161
286
32
730
637
106
7
194
762
844
748
461
952
412
612
626
919
908
946
457
512
195
343
973
353
259
813
583
915
329
109
797
553
892
231
163
305
82
731
104
843
151
545
604
727
685
952
39
819
287
91
447
240
991
167
492
935
622
266
832
205
917
926
581
510
153
961
395
664
664
430
900
56
825
375
847
716
437
30
620
163
988
565
838
202
664
64
913
558
272
843
57
126
233
632
408
171
972
688
191
103
758
29
266
75
849
1000
336
794
965
29
481
401
296
973
531
735
515
294
964
741
954
401
859
488
356
533
195
862
307
291
117
226
676
371
118
563
984
333
172
494
946
657
766
764
218
8
94
145
779
286
176
353
659
781
593
263
657
544
726
67
235
922
49
846
347
850
890
335
459
290
749
864
352
610
612
588
498
525
700
756
451
990
589
736
547
887
834
360
286
645
154
462
766
948
438
697
444
110
812
411
93
102
291
430
42
737
470
67
956
927
147
14
94
213
986
76
413
971
854
595
727
94
575
839
586
14
871
822
934
503
280
981
749
375
276
324
510
386
50
839
717
429
155
333
38
897
780
818
445
239
501
659
83
451
434
866
504
580
202
961
124
409
94
910
620
363
588
601
625
426
500
739
301
592
155
174
316
195
980
171
227
203
545
149
950
152
672
606
350
733
641
337
878
369
571
379
179
500
13
256
600
522
749
990
48
295
450
408
240
66
782
614
483
175
349
833
137
798
172
676
221
916
277
217
426
415
614
888
861
957
312
719
167
342
233
802
516
794
729
549
19
844
839
284
288
288
354
194
889
242
777
113
247
27
621
821
175
455
91
111
903
980
243
107
305
266
372
601
795
138
796
540
798
44
36
480
939
433
846
83
98
278
541
587
646
852
225
682
672
584
488
848
559
468
826
172
21
969
123
876
510
396
599
840
888
386
346
100
336
753
581
81
727
315
498
301
125
271
535
397
881
187
963
758
414
848
762
154
181
345
542
895
737
830
964
682
777
385
90
296
160
352
855
473
351
169
235
425
474
108
904
69
886
115
961
547
766
296
913
652
461
618
272
735
958
444
906
118
874
38
377
645
713
223
964
867
362
97
913
557
675
753
401
500
836
998
472
435
386
688
242
855
367
979
804
612
744
608
776
187
306
432
630
59
312
181
344
785
194
25
117
978
289
809
61
17
28
548
115
42
659
957
10
719
549
978
610
119
787
449
287
331
519
543
327
906
698
986
502
564
127
765
479
613
156
220
987
533
561
557
967
843
690
365
268
85
456
959
623
115
142
140
444
45
775
668
321
560
257
934
372
597
683
449
188
243
378
825
507
503
15
566
628
512
410
835
905
111
483
833
527
121
779
983
225
151
503
704
701
504
743
553
959
524
233
740
786
844
455
512
716
743
97
720
59
934
738
19
759
935
581
644
44
886
315
645
916
290
250
351
118
184
613
311
433
760
887
601
144
472
781
738
456
426
7
383
930
850
727
226
645
300
63
390
523
790
238
828
578
255
743
926
452
963
968
148
158
820
653
653
521
602
641
174
65
512
856
246
535
10
611
657
326
761
491
281
612
9
533
894
317
859
319
568
115
699
849
911
810
647
292
175
788
464
145
511
693
263
463
794
186
675
964
190
249
570
216
913
678
2
317
962
223
602
173
863
980
603
246
871
732
125
485
334
250
517
756
448
598
450
607
686
312
604
167
655
625
416
924
168
289
855
691
168
936
45
732
607
407
731
948
154
406
211
209
984
565
88
367
102
37
577
453
613
715
96
478
694
985
304
433
431
893
61
908
208
814
167
302
519
634
892
708
779
114
403
756
163
794
548
943
719
997
718
886
498
584
719
790
16
464
84
430
595
314
255
648
540
533
944
422
588
865
959
159
526
956
249
4808
