5726
339
789
798
908
50
504
184
156
781
885
140
276
836
755
117
174
335
873
921
662
385
458
711
740
545
924
811
26
198
364
224
251
65
548
929
440
819
330
600
255
956
492
648
986
737
971
832
778
719
350
108
475
670
44
19
227
871
162
280
692
939
393
117
483
267
847
685
447
774
23
659
933
536
818
722
121
493
879
307
982
242
636
504
570
36
129
670
956
611
84
409
137
661
639
103
336
295
367
574
669
848
316
346
892
412
904
781
960
977
883
947
202
114
780
299
816
429
200
296
181
891
348
165
274
795
826
48
284
617
304
944
311
144
555
958
833
374
521
857
27
205
431
27
502
730
554
700
762
842
179
924
601
421
690
74
932
331
235
321
535
914
776
902
229
580
464
550
499
333
111
552
927
34
276
79
433
392
16
611
464
697
812
739
475
453
601
102
191
765
670
972
95
895
200
801
925
727
662
276
204
782
898
308
965
883
63
710
418
188
213
636
533
839
711
608
314
816
878
871
579
540
123
301
517
873
110
874
286
522
402
463
61
132
145
177
748
614
73
573
665
743
507
314
796
190
831
426
318
247
974
552
553
817
491
914
674
836
187
610
821
818
33
796
890
894
57
493
581
464
279
595
573
285
309
750
115
538
684
341
182
467
50
500
437
407
645
47
135
367
445
534
434
41
220
727
716
561
319
338
638
601
653
368
567
50
217
238
968
194
60
385
166
288
50
863
439
305
730
24
193
366
609
354
386
141
491
581
641
975
622
590
446
539
696
731
899
903
324
95
370
423
68
437
202
452
194
806
860
671
405
592
936
881
777
564
878
399
730
10
553
674
523
578
862
90
997
997
130
198
882
246
889
77
675
370
699
76
489
948
788
303
692
342
18
903
855
307
136
560
917
632
316
587
392
448
103
707
216
998
83
714
689
419
204
497
599
748
248
761
977
721
676
977
187
723
356
742
956
278
373
892
54
546
914
224
811
570
598
208
335
973
81
7
78
558
398
416
97
173
209
731
723
48
861
137
265
295
149
837
469
252
452
456
55
468
265
148
422
685
822
432
784
811
561
179
677
6
979
554
258
914
566
214
328
432
556
694
324
820
788
982
291
186
475
660
679
190
31
621
594
645
255
340
896
234
51
268
75
935
740
319
350
309
376
902
729
159
778
273
627
814
954
93
738
810
730
751
439
558
881
44
656
88
368
183
600
716
166
710
648
472
570
556
674
151
614
37
948
949
456
673
401
9
387
92
198
495
983
739
549
743
826
701
807
556
399
836
825
278
658
829
814
867
307
879
623
286
644
180
388
84
405
132
497
801
960
269
707
453
907
143
803
533
133
266
145
243
509
723
561
842
370
547
708
850
640
996
310
539
184
872
895
692
996
123
424
887
668
403
681
472
506
598
148
678
466
420
51
580
985
973
461
942
623
866
33
742
609
423
192
11
786
826
32
459
453
301
609
352
775
204
765
930
876
483
272
682
86
830
993
521
423
577
499
968
605
278
908
761
117
13
103
571
992
853
604
95
829
256
37
238
618
595
98
627
896
909
712
164
860
857
344
62
160
183
217
251
765
419
839
389
467
957
112
484
893
715
256
359
716
271
224
39
216
357
124
812
522
708
989
987
946
900
796
317
41
196
143
758
964
429
317
829
623
173
115
238
41
924
660
195
624
93
661
358
693
559
924
905
98
461
671
796
544
113
480
146
142
364
634
238
541
110
86
506
829
525
74
667
697
68
493
382
995
97
113
829
926
656
404
593
24
45
142
848
607
487
291
862
129
821
293
542
134
997
16
538
605
424
758
531
296
653
460
265
421
555
642
808
857
550
261
910
980
323
799
49
617
258
812
105
677
722
412
758
945
132
668
558
787
311
254
472
150
181
632
90
742
817
822
238
850
900
64
903
609
85
661
219
585
344
786
135
839
438
703
682
963
512
433
300
418
470
736
541
394
253
941
820
619
852
121
269
147
137
177
3
490
615
690
99
148
79
714
672
415
255
543
407
61
449
392
682
728
595
983
948
540
594
349
246
921
96
597
659
584
204
100
306
773
276
356
8
215
43
859
106
115
821
238
602
451
972
734
216
543
348
590
863
803
700
22
102
375
316
536
46
578
3
363
244
153
376
799
385
837
163
151
32
922
815
900
397
636
549
242
651
81
321
532
143
293
47
615
224
825
635
923
966
525
968
806
699
914
796
878
885
498
237
294
960
620
263
419
40
922
425
629
535
862
219
832
38
603
202
292
804
537
30
30
326
972
869
476
136
166
541
942
123
499
85
735
359
920
713
25
473
951
37
292
307
737
742
97
462
789
198
782
555
384
962
218
661
363
623
447
546
187
545
439
364
114
826
433
187
302
973
897
335
264
971
969
154
456
131
928
796
425
814
344
269
971
570
595
347
313
486
95
143
471
871
823
339
830
750
801
184
331
578
381
904
619
629
392
179
901
977
433
376
200
184
360
835
330
152
208
206
493
909
771
667
566
538
665
691
578
255
573
334
616
368
176
360
730
700
518
306
137
717
432
425
953
406
889
516
155
335
857
311
869
476
752
101
888
101
182
12
178
694
780
161
606
443
567
629
200
595
251
803
413
32
452
336
237
318
495
497
125
125
606
512
939
15
145
625
52
98
450
496
467
31
219
91
390
800
977
102
760
848
688
575
322
157
59
878
555
551
255
12
952
521
242
51
332
430
352
513
565
905
372
796
609
413
128
333
356
207
803
48
403
668
924
879
564
172
6
985
765
567
843
802
981
844
593
121
606
782
16
755
814
776
783
266
497
513
73
569
485
393
842
270
871
14
432
144
336
564
727
16
526
329
515
535
72
535
723
399
672
438
310
832
666
515
429
964
568
492
840
274
953
957
569
80
757
272
94
295
631
105
908
325
468
103
282
388
514
425
316
24
491
728
850
173
545
821
944
840
936
816
219
211
949
278
422
380
74
413
218
288
479
939
636
977
240
969
579
891
885
295
103
558
404
946
436
49
753
552
801
377
296
137
542
972
499
928
778
691
596
694
120
236
166
32
150
268
704
995
888
512
232
210
158
241
786
68
903
315
227
393
847
965
478
497
279
276
525
237
60
997
71
840
770
296
448
497
401
88
903
792
645
242
364
979
577
972
565
85
529
362
716
5
666
316
118
507
589
487
591
30
941
659
3
156
547
677
945
602
967
883
361
511
339
513
849
728
786
759
60
744
545
499
161
108
358
240
39
900
594
233
865
928
361
217
569
134
188
110
212
652
427
685
135
544
457
382
76
281
116
948
529
180
800
300
694
417
567
352
678
628
166
497
144
23
195
14
521
819
761
939
415
455
467
166
611
904
6
794
119
814
536
99
972
92
674
877
794
917
244
87
50
139
434
160
353
891
567
155
774
630
107
653
835
47
157
542
621
791
274
686
74
107
434
587
983
700
645
529
887
957
445
946
634
432
42
74
595
768
896
895
191
535
434
469
412
304
617
131
598
3
685
844
204
457
586
302
969
859
979
984
93
127
362
169
58
107
384
579
187
472
319
632
814
186
844
160
951
960
820
582
159
641
70
759
377
823
213
717
678
825
239
370
892
30
667
577
330
709
875
852
813
453
771
101
706
132
635
102
612
337
201
978
301
205
415
375
48
877
133
665
761
719
373
262
116
490
453
322
831
765
102
961
327
376
765
834
99
976
658
149
627
65
923
575
781
592
560
866
557
516
906
798
804
616
397
964
62
810
961
115
710
656
994
833
699
657
73
460
964
135
894
996
85
982
518
323
347
61
264
882
443
340
711
445
356
525
390
559
216
353
200
548
599
266
950
324
844
97
494
323
182
204
174
207
700
69
827
747
430
129
671
384
516
491
675
462
11
511
277
508
755
146
542
820
140
223
472
811
224
743
552
467
341
288
26
324
453
855
871
109
690
392
462
467
638
636
457
733
735
856
18
781
64
552
172
506
268
715
112
68
420
799
893
625
563
59
660
698
353
664
285
223
511
4
698
694
248
915
615
459
642
8
454
366
914
695
304
631
795
451
242
760
553
561
536
14
338
547
151
413
620
739
244
18
228
127
258
920
133
611
759
474
718
254
646
564
892
449
485
18
845
210
903
921
52
516
270
203
899
274
46
161
698
43
355
916
996
607
721
148
488
976
891
511
706
282
989
85
579
17
508
213
16
134
299
846
796
157
725
169
755
162
696
888
517
531
25
398
538
418
606
254
55
925
754
986
518
849
846
952
77
771
98
799
282
773
765
926
365
944
167
247
39
820
291
72
438
191
390
738
593
952
602
721
325
907
527
919
126
534
707
391
441
268
674
109
168
877
152
572
700
85
522
890
700
733
883
991
650
6
685
55
995
944
337
582
540
904
529
89
100
640
519
285
216
800
653
887
435
226
870
775
38
522
671
968
104
709
204
359
589
216
228
675
470
785
68
955
552
801
550
381
679
634
350
488
763
583
346
529
684
309
401
232
782
196
919
473
11
736
339
268
536
663
815
992
837
339
282
117
614
435
708
569
849
580
166
822
555
182
798
314
83
582
988
46
24
633
656
16
212
547
958
141
155
432
70
225
403
597
941
784
333
199
153
640
699
632
230
254
476
211
381
394
890
512
370
379
518
619
686
876
544
250
261
451
130
643
62
937
971
598
622
816
935
579
350
229
317
799
734
251
25
962
915
683
948
590
860
426
725
54
76
743
697
396
270
311
967
104
235
596
769
620
160
950
181
689
734
58
566
937
215
526
699
831
80
989
553
415
383
293
692
77
941
293
819
752
181
415
284
202
307
435
795
172
260
805
700
471
329
239
771
920
286
521
535
456
398
310
26
448
400
940
38
401
654
85
994
882
53
857
579
230
573
290
421
20
182
869
243
960
43
427
537
167
566
678
96
257
108
989
626
680
135
374
549
219
494
395
350
238
157
512
913
594
514
191
451
159
984
435
844
315
185
301
717
991
583
446
51
116
868
282
327
967
226
467
509
963
79
949
573
634
279
607
833
429
940
98
538
84
598
384
9
989
962
417
788
322
515
104
962
915
19
455
924
406
855
49
206
821
528
194
296
281
117
588
212
845
948
477
534
271
221
293
729
412
637
491
834
145
503
779
225
987
419
840
452
458
356
666
751
488
579
720
730
427
681
521
934
172
642
68
530
406
184
754
115
295
37
359
929
792
844
70
713
90
31
911
910
694
353
919
423
956
403
975
610
758
498
135
250
650
397
962
444
642
172
508
994
623
574
941
708
676
571
685
618
477
967
390
275
921
228
977
339
144
859
787
676
521
58
667
623
849
342
782
52
458
668
360
489
664
165
208
908
482
935
197
725
151
283
333
559
745
889
810
581
338
433
368
5
670
153
663
573
251
930
401
505
206
905
912
643
969
551
177
296
512
741
358
488
443
109
152
764
444
666
15
258
416
926
574
550
777
418
729
482
857
138
937
763
517
107
541
77
574
241
846
735
65
893
166
497
650
66
700
96
596
239
273
89
985
245
998
886
887
224
307
831
972
707
49
796
684
306
527
819
355
431
226
507
565
10
462
395
948
364
922
365
512
487
376
896
317
557
220
182
702
914
462
590
412
108
381
410
487
644
893
80
676
869
340
995
413
435
617
475
70
987
151
858
841
218
604
236
590
291
507
52
484
132
346
899
943
425
508
768
595
38
424
122
551
512
702
203
518
948
575
226
832
423
386
510
282
845
681
347
516
267
274
487
885
13
471
783
433
198
1
681
302
698
788
477
213
614
661
277
650
368
907
438
415
629
568
576
379
618
92
285
397
783
940
798
656
981
631
225
44
812
349
855
29
637
737
287
305
733
954
781
977
547
915
895
991
266
42
490
719
471
294
297
698
532
212
766
977
943
380
535
225
522
284
968
809
977
516
384
98
713
480
253
667
284
973
967
27
413
163
15
469
656
523
373
309
26
445
584
500
695
526
110
797
268
893
772
196
93
754
720
733
177
969
562
361
85
328
481
133
463
258
622
140
103
583
477
295
730
91
846
373
15
615
359
832
372
70
297
765
78
565
606
400
991
2
598
937
63
400
3
272
720
656
634
480
763
26
574
286
55
970
365
463
990
659
847
581
256
876
141
981
482
57
822
646
945
721
722
205
232
338
712
266
767
544
174
250
161
607
541
195
806
428
306
625
975
636
351
734
328
828
343
457
308
681
64
534
493
296
624
88
251
330
581
633
515
568
307
388
423
289
456
900
35
383
935
41
22
359
422
211
534
937
629
554
905
26
216
989
284
466
630
952
79
519
907
64
595
166
229
850
790
581
728
269
947
607
92
5
922
259
54
660
513
633
609
116
329
378
830
876
15
390
760
723
914
473
168
199
934
772
865
90
959
80
644
231
669
46
183
843
860
149
206
691
362
691
399
698
451
933
191
512
559
77
758
820
691
324
579
712
292
589
418
538
234
819
785
133
769
509
884
975
656
320
964
741
442
463
855
410
555
483
547
5
817
555
913
674
178
423
678
517
268
638
436
402
748
394
401
381
196
117
991
931
974
62
47
776
67
118
427
937
416
818
931
600
195
950
403
428
256
19
100
359
787
475
468
643
9
320
414
330
639
481
424
774
343
146
798
188
173
946
217
42
199
651
227
841
516
624
189
27
584
150
231
232
289
620
118
372
147
776
730
149
31
774
161
573
575
81
28
910
565
549
279
868
15
792
340
266
54
671
164
96
192
291
312
712
596
97
559
116
48
455
814
84
337
69
401
973
568
626
367
594
5
505
584
91
318
116
857
171
316
738
706
489
630
151
278
937
357
674
454
211
811
199
100
272
117
310
586
979
915
288
614
701
712
45
104
125
702
317
962
222
656
296
579
101
22
388
408
66
550
746
191
371
822
456
460
202
277
252
630
851
130
999
50
982
18
723
424
934
956
425
98
308
766
608
750
653
562
788
1000
70
454
471
522
635
920
539
847
51
475
203
273
463
430
63
398
639
620
201
152
478
626
855
523
781
325
514
539
579
954
61
654
956
725
937
700
888
259
907
451
6
507
750
103
803
383
236
943
613
773
207
134
783
660
68
994
433
188
77
684
555
581
856
962
242
867
972
596
24
439
152
577
31
55
207
263
693
479
22
581
920
215
632
736
134
612
412
3
735
147
146
798
807
436
759
452
239
504
247
483
830
546
596
795
232
828
448
858
124
629
843
586
665
522
69
493
871
981
259
455
904
671
559
531
456
804
485
593
934
885
894
440
1000
74
532
428
948
180
611
481
654
593
344
530
168
28
20
613
429
83
467
505
141
69
594
469
770
823
392
40
267
145
821
243
314
725
469
992
668
224
264
749
845
502
79
301
272
986
451
858
258
408
614
144
874
739
475
415
491
60
656
280
482
764
600
469
200
398
22
862
222
93
210
53
457
74
942
279
154
225
111
128
65
36
635
146
875
992
196
202
248
182
477
508
569
289
603
726
294
155
602
620
981
355
416
433
102
759
367
500
802
992
260
761
600
486
744
804
416
36
808
583
851
693
101
698
383
930
295
45
203
659
872
108
57
350
357
355
217
322
645
368
634
335
959
759
81
220
853
564
256
180
642
161
571
163
743
739
156
844
987
191
87
67
298
191
83
216
318
877
16
404
269
609
512
750
952
762
403
282
832
464
774
69
692
402
673
474
909
721
942
348
950
873
885
785
74
3
839
959
23
25
893
81
131
11
671
40
452
327
501
853
672
468
19
793
405
64
178
9
931
470
423
360
685
512
480
33
401
445
949
740
743
619
852
294
609
856
282
550
790
987
560
849
809
292
683
334
55
93
825
753
381
55
170
510
330
690
621
819
579
937
810
959
691
618
710
459
947
803
768
539
625
304
492
987
727
628
705
767
41
995
908
94
809
161
670
370
884
743
614
178
820
591
226
85
67
386
7
444
184
238
750
477
928
516
695
638
789
397
746
200
722
740
412
460
89
428
934
252
223
401
182
369
308
832
883
654
43
57
867
356
221
534
284
412
592
866
363
31
42
401
874
827
688
903
282
111
984
47
847
393
760
339
266
353
683
693
743
299
314
961
339
742
363
133
247
721
702
715
720
251
596
55
14
687
716
479
541
810
567
949
481
216
339
956
110
343
241
186
202
8
653
785
490
37
218
511
773
794
524
280
627
562
365
795
607
338
853
625
832
798
319
154
67
509
903
907
596
684
196
244
995
319
981
168
414
476
268
764
346
587
536
790
495
134
910
109
547
842
305
921
6
948
487
459
942
637
192
94
631
301
842
258
34
695
411
540
472
461
707
679
15
813
445
549
404
880
564
305
886
508
807
950
979
331
479
381
46
8
193
467
396
598
554
676
407
711
611
310
140
902
719
425
236
237
324
52
249
835
1
898
157
1000
523
829
819
597
288
426
22
147
952
723
889
45
140
181
267
871
10
245
359
131
783
631
161
982
718
497
928
17
372
483
807
48
518
690
780
610
14
415
573
252
659
135
699
134
595
511
653
963
390
252
780
434
837
689
374
526
743
920
39
966
252
930
151
619
259
123
768
383
420
980
406
904
402
653
767
970
499
225
618
506
885
418
136
503
876
659
397
538
279
865
653
379
693
259
971
977
850
613
592
233
946
315
200
679
819
602
326
992
387
554
78
288
808
636
637
778
124
350
171
167
318
413
903
787
351
387
788
512
329
655
153
37
923
280
789
195
968
921
836
683
674
646
510
249
36
999
899
136
890
160
315
618
22
737
899
893
310
311
456
850
691
134
625
36
633
761
852
213
4
352
504
989
96
570
773
926
459
231
693
561
15
253
213
975
773
44
580
878
907
892
966
246
478
809
355
141
271
597
793
890
338
321
49
366
234
150
430
21
394
777
758
842
268
302
232
705
815
753
397
344
461
864
528
718
25
292
360
462
855
513
272
369
383
900
554
353
492
55
469
613
422
854
651
200
266
819
879
993
400
802
999
355
571
3
706
812
649
358
620
675
225
550
192
306
510
907
680
880
792
40
155
436
435
943
704
94
249
615
644
869
27
806
457
996
234
777
410
326
906
148
544
54
608
965
316
756
308
813
969
8
608
710
963
954
166
927
679
576
525
166
855
228
594
978
553
662
342
581
556
365
961
389
813
497
507
998
245
387
997
935
265
872
756
330
354
71
708
113
924
812
935
25
522
97
201
738
836
469
389
349
515
800
313
752
751
574
480
371
994
48
272
948
690
896
483
225
997
541
201
641
573
841
349
543
702
832
403
328
116
956
621
527
25
713
86
289
129
772
564
693
621
980
300
149
466
14
39
97
520
536
32
496
526
524
354
964
266
801
845
555
467
562
606
398
738
584
212
511
368
270
818
850
137
791
909
233
189
79
621
963
38
563
467
220
161
493
952
421
558
405
716
912
409
140
567
227
890
380
440
184
881
472
220
101
128
319
474
785
442
395
595
427
675
429
954
876
872
393
623
443
713
537
818
71
612
710
76
249
222
823
74
534
165
177
850
206
192
518
622
418
119
542
248
407
121
986
248
641
464
768
549
192
748
157
585
428
45
644
715
69
624
567
792
365
72
838
123
663
495
184
466
84
212
223
798
686
247
651
597
329
364
803
861
353
60
755
815
274
352
656
231
968
355
4
518
58
91
130
976
28
946
707
194
938
590
749
805
924
301
43
624
798
1
901
862
418
955
798
964
174
802
577
372
861
252
432
33
633
676
451
863
83
659
694
419
692
918
641
795
830
540
838
107
184
179
614
941
23
412
979
644
390
450
302
535
735
197
27
683
541
127
269
891
651
606
382
353
408
147
599
460
998
343
466
335
82
645
549
328
344
887
477
592
460
769
681
645
956
387
739
990
149
439
617
870
712
186
960
335
613
131
566
547
840
701
751
696
61
109
146
682
692
254
888
562
315
290
914
924
123
676
783
465
947
109
673
65
865
355
202
356
328
365
251
404
122
589
550
855
11
82
729
229
686
466
469
518
421
119
664
412
714
533
888
863
351
527
557
772
863
991
388
830
628
887
382
743
124
520
550
523
408
9
859
900
226
383
328
931
152
18
549
759
325
903
326
304
296
549
10
416
384
516
27
697
221
163
733
365
441
516
535
104
197
322
931
92
460
484
559
225
768
907
464
877
814
291
530
996
357
128
22
146
173
93
383
359
549
840
918
182
606
874
889
618
141
736
784
731
765
648
623
470
3
179
759
411
999
914
37
313
389
78
731
998
686
806
669
306
933
827
344
428
335
258
393
759
912
637
954
84
870
660
577
858
242
264
105
797
71
894
976
309
321
710
845
945
73
724
921
758
190
635
533
3
705
677
997
760
66
157
699
711
21
429
588
563
427
731
818
185
528
394
105
890
199
176
978
492
751
819
152
150
900
193
166
142
683
375
902
879
387
576
269
809
776
102
883
152
494
528
513
501
522
824
969
785
787
835
127
725
822
107
19
441
884
287
130
481
388
768
588
76
114
496
716
130
428
312
32
225
199
830
86
744
590
92
291
460
557
451
72
734
647
831
622
302
815
10
5
498
379
737
476
855
194
863
454
731
633
589
28
845
69
694
798
55
995
323
770
172
467
694
58
495
327
849
608
269
11
742
363
939
711
38
281
966
498
112
367
830
553
117
68
456
864
835
469
787
156
66
451
293
185
704
246
429
692
705
731
328
914
130
639
84
1000
855
460
918
404
426
5
126
53
702
618
283
651
712
838
5
600
426
760
578
322
426
248
821
508
979
140
32
942
876
151
485
793
427
991
888
962
974
783
300
553
270
502
254
764
675
842
615
75
809
424
266
505
948
519
962
934
784
746
251
863
520
221
753
819
651
994
111
510
440
319
612
896
647
273
923
849
796
774
710
4
222
194
736
476
367
987
674
194
206
350
151
180
399
375
578
139
331
904
61
894
979
323
468
732
758
638
772
874
753
239
805
368
977
895
960
27
923
487
737
758
79
444
402
75
912
541
206
943
159
839
887
251
279
185
913
924
425
631
913
462
800
168
73
60
572
849
533
392
432
22
331
988
335
621
423
64
188
720
916
776
263
498
719
856
94
641
745
229
525
744
437
313
984
69
91
415
628
627
258
793
983
559
334
44
443
14
917
291
74
755
384
156
591
234
471
729
452
759
230
602
786
530
515
869
604
897
747
206
615
415
915
271
545
775
364
510
626
404
401
684
522
67
457
568
331
800
910
61
519
424
522
784
60
741
702
352
26
648
453
257
517
100
529
365
862
840
514
792
933
357
402
300
240
528
38
121
103
761
267
610
62
243
324
514
655
684
551
624
126
936
63
681
733
123
268
340
126
264
930
601
706
199
339
927
129
64
965
767
576
843
583
581
905
245
577
385
213
348
298
258
617
694
669
560
504
476
983
460
243
441
34
204
590
603
803
293
435
83
420
530
187
444
146
531
293
832
515
134
508
104
58
875
941
265
172
520
483
396
195
956
903
159
150
536
99
731
71
593
849
970
704
586
285
302
49
792
840
221
653
297
147
350
419
251
726
564
521
842
22
629
150
718
926
932
469
65
344
464
432
294
169
658
680
659
885
194
519
173
383
637
366
881
366
778
785
917
945
87
336
77
748
107
347
169
11
143
548
147
40
44
220
70
62
134
347
278
618
912
258
628
856
148
722
471
232
76
885
91
856
96
747
131
201
857
65
676
109
843
756
642
276
84
814
420
349
240
203
716
531
514
503
687
474
781
594
375
651
669
982
813
631
886
742
107
579
802
213
987
353
818
991
830
679
333
444
706
998
687
157
287
247
272
338
798
427
521
459
802
564
168
122
955
788
756
70
25
499
94
96
88
681
347
667
714
535
270
921
537
156
272
585
433
97
828
211
130
459
137
277
958
955
487
822
873
767
374
607
996
622
169
633
424
470
536
599
455
634
269
626
237
408
29
757
209
406
993
156
700
570
750
146
837
675
485
145
374
968
213
329
364
459
58
30
401
416
810
864
1
842
807
736
273
504
598
559
141
594
949
709
946
887
674
26
792
37
729
815
554
9
82
861
523
137
594
805
422
227
652
558
155
734
479
126
315
445
829
724
401
407
683
441
459
199
763
150
272
57
824
990
659
713
900
108
945
701
739
801
447
823
881
454
916
46
279
874
340
590
673
808
479
418
259
929
599
329
889
939
853
487
917
815
349
466
801
216
874
158
860
140
141
929
139
154
538
685
315
111
862
468
403
361
258
731
537
580
615
250
729
355
275
374
204
177
925
296
822
264
720
888
386
195
16
182
769
849
998
446
29
759
856
146
34
895
266
933
567
516
429
404
101
158
729
493
9
823
57
264
997
119
821
848
196
781
528
519
81
947
763
331
934
247
839
433
315
14
650
312
233
114
348
59
834
911
901
980
604
944
672
328
887
968
883
863
440
299
631
351
682
201
743
481
482
966
469
180
472
836
376
211
650
194
120
512
468
617
918
295
856
889
294
838
110
291
275
382
33
388
491
830
601
249
259
566
813
715
853
601
965
632
487
448
36
461
544
498
416
255
762
98
420
85
925
630
735
17
236
871
790
789
457
16
903
221
629
835
908
525
907
105
509
697
26
170
665
368
605
4
304
979
427
635
368
504
388
72
251
311
537
219
739
984
426
954
863
474
561
900
917
229
400
583
774
935
275
394
842
784
342
199
255
585
318
189
56
378
954
919
630
464
606
362
304
972
339
893
430
469
4
316
287
396
218
943
488
464
153
368
754
600
888
627
393
457
381
15
515
270
989
51
386
956
499
717
409
630
929
915
831
812
814
40
20
828
797
354
711
815
703
925
348
63
390
714
667
412
608
205
979
43
317
14
956
466
440
720
86
444
114
568
559
293
704
232
785
994
883
165
986
80
119
290
241
680
648
931
499
456
957
173
839
542
410
162
244
990
310
919
760
654
88
161
152
57
410
600
887
125
140
314
150
703
300
724
704
293
741
693
903
129
422
336
881
634
981
15
201
813
90
166
925
952
804
49
131
762
88
628
312
821
100
115
227
636
568
893
746
123
47
599
28
777
361
528
222
159
294
835
137
463
460
158
3456
